0 0 0 0 1 1 1 38 0 140 0 40 200 684 0 0 0 0 0 0 0 1 0 8 0 0 0 24
0 0 0 0 1 1 1 50 0 162 0 72 684 684 0 0 0 0 0 0 0 1 0 10 0 0 0 24
0 0 0 0 1 1 1 23 0 96 0 40 198 200 0 0 0 0 0 0 0 1 0 8 0 0 0 0
0 0 0 0 0 1 1 9 0 40 0 0 40 198 0 0 0 0 0 0 0 0 0 3 0 0 0 0
0 0 0 0 1 1 1 35 0 227 0 40 85 264 0 0 0 0 0 0 0 0 0 3 0 0 0 0
0 0 0 0 1 1 2 47 0 256 0 40 200 423 0 0 0 0 0 0 0 0 0 3 0 0 0 0
0 0 0 0 0 1 1 18 0 125 0 0 72 154 0 0 0 0 0 0 0 0 0 3 0 0 0 0
0 0 0 0 0 1 1 7 0 29 0 4 40 88 0 0 0 0 0 0 0 1 0 8 0 0 0 24
0 0 0 0 1 1 1 22 0 88 0 43 160 200 0 0 0 0 0 0 0 0 0 7 0 0 0 0
0 0 0 0 1 1 1 21 0 89 0 40 161 200 0 0 0 0 0 0 0 0 0 0 0 0 0 0
0 0 0 0 0 1 1 7 0 33 0 0 40 154 0 0 0 0 0 0 0 0 0 0 0 0 0 0
0 0 1 0 1 1 3 62 0 343 0 40 186 807 0 0 0 0 0 1 5 90 0 635 0 0 40 393
0 0 0 0 1 1 3 60 0 344 0 40 186 807 0 0 0 0 0 1 5 93 0 635 0 0 80 393
0 0 0 0 0 1 1 7 0 28 0 4 40 73 0 0 0 0 0 0 1 4 0 18 0 0 1 79
0 0 0 0 1 1 1 9 0 33 0 40 40 159 0 0 0 0 0 0 0 0 0 7 0 0 0 0
0 0 0 0 0 1 1 7 0 32 0 0 40 151 0 0 0 0 0 0 0 0 0 0 0 0 0 0
0 0 0 0 0 0 0 3 0 26 0 0 0 44 0 0 0 0 0 0 0 0 0 0 0 0 0 0
0 0 0 0 0 1 1 7 0 33 0 0 40 162 0 0 0 0 0 0 0 0 0 0 0 0 0 0
0 0 0 0 1 1 1 13 0 43 0 40 160 180 0 0 0 0 0 0 0 0 0 0 0 0 0 0
0 0 0 0 0 1 1 11 0 42 0 0 160 185 0 0 0 0 0 0 0 0 0 0 0 0 0 0
0 0 0 0 1 1 1 9 0 33 0 40 40 159 0 0 0 0 0 0 0 0 0 7 0 0 0 0
0 0 0 0 1 1 1 9 0 33 0 40 40 158 0 0 0 0 0 0 0 0 0 7 0 0 0 0
0 0 0 0 0 1 1 10 0 43 0 0 47 198 0 0 0 0 0 0 0 0 0 0 0 0 0 0
0 0 0 0 0 0 1 8 0 39 0 0 1 198 0 0 0 0 0 0 0 0 0 0 0 0 0 0
0 0 0 0 1 1 1 8 0 32 0 40 40 139 0 0 0 0 0 0 0 0 0 0 0 0 0 0
0 0 0 0 1 1 1 25 0 133 0 40 79 200 0 0 0 0 0 0 0 0 0 0 0 0 0 0
0 0 0 0 0 1 1 21 0 132 0 0 72 200 0 0 0 0 0 0 0 1 0 15 0 0 0 0
0 0 0 0 0 1 1 7 0 29 0 4 40 88 0 0 0 0 0 0 1 4 0 26 0 0 0 61
0 0 0 0 1 1 1 15 0 48 0 40 160 185 0 0 0 0 0 0 0 2 0 21 0 0 0 24
0 0 0 0 0 1 1 21 0 90 0 0 161 245 0 0 0 0 0 0 0 0 0 0 0 0 0 0
0 0 0 0 0 1 1 15 0 82 0 0 40 200 0 0 0 0 0 0 0 0 0 0 0 0 0 0
0 0 0 0 0 1 1 7 0 28 0 0 40 76 0 0 0 0 0 0 0 0 0 0 0 0 0 0
0 0 0 0 0 0 1 27 0 248 0 0 0 154 0 0 0 0 0 0 0 0 0 0 0 0 0 0
0 0 0 0 0 1 2 56 0 353 0 0 40 537 0 0 1 0 0 0 0 42 0 434 0 0 0 32
0 0 0 0 1 1 2 39 0 255 0 40 94 200 0 0 1 0 0 0 1 43 0 434 0 0 0 65
0 0 0 0 0 1 1 9 0 35 0 4 72 166 0 0 0 0 0 0 0 0 0 7 0 0 0 0
0 0 0 0 0 0 1 4 0 26 0 0 0 59 0 0 0 0 0 0 0 0 0 0 0 0 0 0
0 0 0 0 0 1 1 7 0 30 0 4 40 122 0 0 0 0 0 0 0 0 0 0 0 0 0 0
0 0 0 0 1 1 1 12 0 41 0 40 153 161 0 0 0 0 0 0 0 0 0 0 0 0 0 0
0 0 0 0 0 1 1 16 0 66 0 0 160 200 0 0 0 0 0 0 0 0 0 0 0 0 0 0
0 0 0 0 0 1 1 12 0 61 0 0 49 200 0 0 0 0 0 0 0 0 0 0 0 0 0 0
0 0 0 0 1 1 1 10 0 34 0 40 49 158 0 0 0 0 0 0 0 2 0 21 0 0 0 24
0 0 0 0 1 1 1 14 0 45 0 40 99 198 0 0 0 0 0 0 0 2 0 21 0 0 0 24
0 0 0 0 1 1 2 78 0 666 0 53 198 223 0 0 0 0 0 1 2 45 0 397 0 0 53 263
0 0 0 0 1 1 2 75 0 666 0 40 85 223 0 0 0 0 0 1 2 45 0 397 0 0 53 263
0 0 0 0 1 1 1 23 0 133 0 40 79 200 0 0 0 0 0 0 0 0 0 0 0 0 0 0
0 0 0 0 0 1 1 20 0 132 0 0 72 200 0 0 0 0 0 0 0 0 0 0 0 0 0 0
0 0 0 0 0 1 1 5 0 27 0 0 40 67 0 0 0 0 0 0 0 0 0 0 0 0 0 0
0 0 0 0 1 1 1 10 0 37 0 40 49 184 0 0 0 0 0 0 0 0 0 7 0 0 0 0
0 0 0 0 1 1 1 24 0 96 0 43 162 217 0 0 0 0 0 0 0 0 0 7 0 0 0 0
0 0 0 0 1 1 2 22 0 93 0 40 160 200 0 0 0 0 0 0 0 0 0 0 0 0 0 0
0 0 0 0 0 1 1 7 0 31 0 0 40 99 0 0 0 0 0 0 0 0 0 0 0 0 0 0
0 0 0 0 0 0 1 4 0 28 0 0 0 40 0 0 0 0 0 0 0 0 0 0 0 0 0 0
0 0 0 0 0 0 1 4 0 26 0 0 1 40 0 0 0 0 0 0 0 0 0 0 0 0 0 0
0 0 0 0 0 1 1 8 0 34 0 0 40 142 0 0 0 0 0 0 0 0 0 0 0 0 0 0
0 0 0 0 0 1 1 8 0 35 0 0 40 159 0 0 0 0 0 0 0 0 0 7 0 0 0 0
0 0 0 0 0 0 1 5 0 27 0 0 1 85 0 0 0 0 0 0 0 0 0 7 0 0 0 0
0 0 0 0 1 1 2 33 0 218 0 40 48 194 0 0 0 0 0 0 1 44 0 448 0 0 0 47
0 0 0 0 1 1 2 34 0 218 0 40 48 194 0 0 0 0 0 0 1 46 0 448 0 0 1 94
0 0 0 0 0 1 1 11 0 42 0 0 160 185 0 0 0 0 0 0 0 1 0 11 0 0 0 0
0 0 0 0 1 1 1 12 0 42 0 40 160 185 0 0 0 0 0 0 0 0 0 0 0 0 0 0
0 0 0 0 1 1 1 9 0 33 0 40 40 150 0 0 0 0 0 0 0 4 0 32 0 0 0 0
0 0 0 0 1 1 1 13 0 44 0 40 99 198 0 0 0 0 0 0 1 5 0 33 0 0 0 61
0 0 0 0 0 1 1 11 0 40 0 4 42 198 0 0 0 0 0 0 0 0 0 7 0 0 0 0
0 0 0 0 1 1 1 8 0 32 0 40 40 139 0 0 0 0 0 0 0 0 0 0 0 0 0 0
0 0 0 0 1 1 1 23 0 133 0 40 79 200 0 0 0 0 0 0 0 0 0 0 0 0 0 0
0 0 0 0 0 1 1 20 0 132 0 0 72 200 0 0 0 0 0 0 0 0 0 0 0 0 0 0
0 0 0 0 0 1 1 6 0 29 0 0 40 40 0 0 0 0 0 0 0 0 0 0 0 0 0 0
0 0 0 0 0 1 1 7 0 32 0 0 40 73 0 0 0 0 0 0 0 0 0 7 0 0 0 0
0 0 0 0 1 1 1 22 0 101 0 40 161 224 0 0 0 0 0 0 0 0 0 7 0 0 0 0
0 0 0 0 1 1 1 22 0 101 0 40 161 200 0 0 0 0 0 0 0 0 0 0 0 0 0 0
0 0 0 0 0 1 1 7 0 28 0 4 40 62 0 0 0 0 0 0 0 0 0 0 0 0 0 0
0 0 0 0 0 1 1 5 0 26 0 0 40 44 0 0 0 0 0 0 0 0 0 0 0 0 0 0
0 0 0 0 0 0 1 4 0 26 0 0 0 40 0 0 0 0 0 0 0 0 0 0 0 0 0 0
0 0 0 0 1 1 1 8 0 32 0 40 40 139 0 0 0 0 0 0 0 0 0 0 0 0 0 0
0 0 0 0 1 1 1 9 0 33 0 40 40 159 0 0 0 0 0 0 0 0 0 7 0 0 0 0
0 0 0 0 0 1 2 34 0 211 0 0 73 200 0 0 0 0 0 0 1 45 0 448 0 0 1 65
0 0 0 0 1 1 3 39 0 212 0 40 154 219 0 0 0 0 0 0 1 46 0 448 0 0 1 94
0 0 0 0 1 1 1 10 0 37 0 40 41 182 0 0 0 0 0 0 0 1 0 11 0 0 0 0
0 0 0 0 0 1 1 11 0 42 0 0 160 185 0 0 0 0 0 0 0 0 0 0 0 0 0 0
0 0 0 0 0 1 1 11 0 42 0 0 160 185 0 0 0 0 0 0 0 0 0 0 0 0 0 0
0 0 0 0 1 1 1 8 0 32 0 40 40 150 0 0 0 0 0 0 0 0 0 0 0 0 0 0
0 0 0 0 1 1 1 13 0 44 0 40 99 198 0 0 0 0 0 0 0 0 0 7 0 0 0 0
0 0 0 0 1 1 1 11 0 41 0 40 42 198 0 0 0 0 0 0 0 0 0 7 0 0 0 0
0 0 0 0 1 1 1 8 0 32 0 40 40 139 0 0 0 0 0 0 0 0 0 0 0 0 0 0
0 0 0 0 1 1 1 24 0 133 0 40 79 200 0 0 0 0 0 0 0 0 0 0 0 0 0 0
0 0 0 0 0 1 1 22 0 132 0 0 72 200 0 0 0 0 0 0 0 0 0 8 0 0 0 0
0 0 0 0 0 1 1 6 0 28 0 0 40 67 0 0 0 0 0 0 0 0 0 8 0 0 0 0
0 0 0 0 0 1 1 6 0 27 0 0 40 67 0 0 0 0 0 0 0 0 0 0 0 0 0 0
0 0 0 0 1 1 2 44 0 208 0 75 200 589 0 0 0 0 0 0 0 0 0 7 0 0 0 0
0 0 0 0 1 1 2 47 0 208 0 75 200 589 0 0 0 0 0 0 0 0 0 7 0 0 0 0
0 0 0 0 1 1 1 7 0 28 0 40 40 59 0 0 0 0 0 0 0 0 0 0 0 0 0 0
0 0 0 0 0 1 1 5 0 27 0 0 40 71 0 0 0 0 0 0 0 0 0 0 0 0 0 0
0 0 0 0 0 0 1 5 0 27 0 0 1 71 0 0 0 0 0 0 0 0 0 0 0 0 0 0
0 0 0 0 0 1 1 7 0 32 0 0 40 142 0 0 0 0 0 0 0 0 0 0 0 0 0 0
0 0 0 0 0 1 1 7 0 32 0 0 40 151 0 0 0 0 0 0 0 0 0 0 0 0 0 0
0 0 0 0 0 1 1 5 0 28 0 0 40 85 0 0 0 0 0 0 0 0 0 7 0 0 0 0
0 0 0 0 1 1 1 9 0 32 0 40 40 130 0 0 0 0 0 0 0 0 0 7 0 0 0 0
0 0 0 0 0 1 1 7 0 30 0 4 40 122 0 0 0 0 0 0 0 0 0 0 0 0 0 0
0 0 0 0 0 1 1 10 0 47 0 0 45 185 0 0 0 0 0 0 0 0 0 0 0 0 0 0
0 0 0 0 0 1 1 11 0 48 0 0 76 185 0 0 0 0 0 0 0 0 0 0 0 0 0 0
0 0 0 0 0 1 1 8 0 32 0 4 40 150 0 0 0 0 0 0 0 0 0 0 0 0 0 0
0 0 0 0 1 1 1 45 0 159 0 48 224 684 0 0 0 0 0 0 0 0 0 0 0 0 0 0
0 0 0 0 1 1 1 50 0 169 0 45 684 684 0 0 0 0 0 0 0 0 0 7 0 0 0 0
0 0 0 0 1 1 2 71 0 398 0 40 200 550 0 0 0 0 0 1 2 46 0 397 0 0 76 216
0 0 0 0 1 2 3 80 0 412 0 72 201 1022 0 0 0 0 0 1 2 45 0 397 0 0 55 216
0 0 0 0 0 1 1 21 0 132 0 0 79 200 0 0 0 0 0 0 0 0 0 0 0 0 0 0
0 0 0 0 0 1 1 6 0 27 0 0 40 67 0 0 0 0 0 0 0 0 0 0 0 0 0 0
0 0 0 0 0 1 1 5 0 26 0 0 40 48 0 0 0 0 0 0 0 0 0 0 0 0 0 0
0 0 0 0 0 1 1 15 0 85 0 0 73 200 0 0 0 0 0 0 0 0 0 0 0 0 0 0
0 0 0 0 1 1 1 24 0 90 0 72 162 200 0 0 0 0 0 0 0 0 0 7 0 0 0 0
0 0 0 0 1 1 1 42 0 300 0 40 160 200 0 0 0 0 0 0 1 40 0 373 0 0 0 61
0 0 0 0 0 1 1 33 0 299 0 0 40 170 0 0 0 0 0 0 0 39 0 373 0 0 0 0
0 0 0 0 0 0 1 4 0 26 0 0 0 40 0 0 0 0 0 0 0 0 0 0 0 0 0 0
0 0 0 0 1 1 1 8 0 32 0 40 40 139 0 0 0 0 0 0 0 0 0 0 0 0 0 0
0 0 0 0 0 1 1 7 0 32 0 0 40 151 0 0 0 0 0 0 0 0 0 0 0 0 0 0
0 0 0 0 0 1 1 5 0 27 0 0 40 62 0 0 0 0 0 0 0 2 0 21 0 0 0 0
0 0 0 0 1 1 1 9 0 32 0 40 40 130 0 0 0 0 0 0 1 4 0 23 0 0 0 83
0 0 0 0 1 1 1 8 0 31 0 40 40 130 0 0 0 0 0 0 0 1 0 11 0 0 0 24
0 0 0 0 0 0 1 6 0 31 0 0 1 139 0 0 0 0 0 0 0 0 0 0 0 0 0 0
0 0 0 0 1 1 1 13 0 45 0 40 160 200 0 0 0 0 0 0 0 0 0 0 0 0 0 0
0 0 0 0 1 1 1 14 0 45 0 40 160 199 0 0 0 0 0 0 0 0 0 0 0 0 0 0
0 0 0 0 0 0 1 10 0 50 0 0 1 198 0 0 0 0 0 0 0 0 0 0 0 0 0 0
0 0 0 0 0 1 1 11 0 48 0 0 40 198 0 0 0 0 0 0 0 0 0 7 0 0 0 0
0 0 0 0 1 1 1 9 0 33 0 40 40 159 0 0 0 0 0 0 0 0 0 7 0 0 0 0
0 0 0 0 1 1 1 23 0 133 0 40 79 200 0 0 0 0 0 0 0 0 0 0 0 0 0 0
0 0 0 0 0 1 1 21 0 132 0 0 72 200 0 0 0 0 0 0 0 0 0 0 0 0 0 0
0 0 0 0 0 1 1 7 0 30 0 4 40 102 0 0 0 0 0 0 0 0 0 0 0 0 0 0
0 0 0 0 0 1 1 7 0 30 0 0 40 102 0 0 0 0 0 0 0 0 0 0 0 0 0 0
0 0 0 0 0 1 1 16 0 85 0 0 73 200 0 0 0 0 0 0 0 0 0 0 0 0 0 0
0 0 0 0 1 1 1 24 0 89 0 72 161 200 0 0 0 0 0 0 0 0 0 7 0 0 0 0
0 0 0 0 1 1 1 20 0 66 0 40 160 198 0 0 0 0 0 0 1 8 0 55 0 0 0 79
0 0 4 0 1 3 7 105 0 603 0 40 205 1424 1 0 9 0 0 3 7 1567 0 12411 0 0 396 1102
0 0 4 0 1 2 7 136 0 681 0 48 317 2730 1 0 9 0 0 3 7 1625 0 12418 0 0 443 4640
0 0 0 0 1 1 1 44 0 330 0 40 54 200 0 0 0 0 0 0 1 64 0 604 0 0 0 290
0 0 0 0 0 1 1 7 0 33 0 0 41 151 0 0 0 0 0 0 0 0 0 0 0 0 0 0
0 0 0 0 0 0 1 5 0 27 0 0 0 71 0 0 0 0 0 0 0 0 0 0 0 0 0 0
0 0 0 0 0 1 1 8 0 35 0 4 40 151 0 0 0 0 0 0 0 0 0 7 0 0 0 0
0 0 0 0 1 1 1 9 0 35 0 40 40 151 0 0 0 0 0 0 0 0 0 7 0 0 0 0
0 0 0 0 0 0 1 6 0 31 0 0 1 139 0 0 0 0 0 0 0 0 0 0 0 0 0 0
0 0 0 0 1 1 1 14 0 43 0 40 160 185 0 0 0 0 0 0 0 0 0 9 0 0 0 0
0 0 0 0 1 1 1 14 0 43 0 40 160 183 0 0 0 0 0 0 0 0 0 9 0 0 0 0
0 0 0 0 0 1 1 10 0 43 0 0 77 198 0 0 0 0 0 0 0 0 0 0 0 0 0 0
0 0 0 0 0 1 1 11 0 41 0 0 71 198 0 0 0 0 0 0 0 0 0 0 0 0 0 0
0 0 0 0 1 1 1 10 0 34 0 40 71 159 0 0 0 0 0 0 0 1 0 10 0 0 0 24
0 0 0 0 1 1 1 14 0 57 0 40 80 200 0 0 0 0 0 0 0 1 0 10 0 0 0 24
0 0 0 0 0 1 1 20 0 132 0 0 41 200 0 0 0 0 0 0 0 0 0 0 0 0 0 0
0 0 0 0 1 1 2 40 0 209 0 40 87 520 0 0 0 0 0 0 0 0 0 9 0 0 0 0
0 0 0 0 1 1 1 29 0 171 0 40 49 310 0 0 0 0 0 0 0 0 0 9 0 0 0 0
0 0 0 0 0 1 1 16 0 85 0 0 73 200 0 0 0 0 0 0 0 0 0 0 0 0 0 0
0 0 0 0 1 1 2 25 0 90 0 72 161 224 0 0 0 0 0 0 0 1 0 10 0 0 0 0
0 0 0 0 1 1 1 15 0 43 0 40 135 161 0 0 0 0 0 0 1 2 0 12 0 0 0 40
0 0 0 0 0 1 1 6 0 30 0 0 40 113 0 0 0 0 0 0 1 3 0 20 0 0 0 61
0 0 0 0 0 1 1 6 0 28 0 0 40 80 0 0 0 0 0 0 0 2 0 19 0 0 0 0
0 0 0 0 0 1 1 8 0 32 0 4 40 142 0 0 0 0 0 0 0 0 0 0 0 0 0 0
0 0 0 0 0 1 1 7 0 32 0 0 40 151 0 0 0 0 0 0 0 0 0 0 0 0 0 0
0 0 0 0 0 0 1 4 0 26 0 0 0 59 0 0 0 0 0 0 0 0 0 0 0 0 0 0
0 0 0 0 0 1 1 7 0 30 0 4 40 122 0 0 0 0 0 0 0 0 0 0 0 0 0 0
0 0 0 0 1 1 1 9 0 32 0 40 40 130 0 0 0 0 0 0 0 0 0 7 0 0 0 0
0 0 0 0 0 1 1 6 0 32 0 0 40 159 0 0 0 0 0 0 0 0 0 7 0 0 0 0
0 0 0 0 0 1 1 10 0 42 0 0 40 200 0 0 0 0 0 0 0 0 0 0 0 0 0 0
0 0 0 0 1 1 1 14 0 46 0 40 160 199 0 0 0 0 0 0 0 0 0 0 0 0 0 0
0 0 0 0 1 2 4 59 0 272 0 88 200 818 0 0 1 0 0 1 4 116 0 716 0 0 53 1588
0 0 0 0 1 1 4 54 0 271 0 41 200 818 0 0 1 0 0 1 4 116 0 716 0 0 53 1588
0 0 0 0 0 1 1 8 0 32 0 4 40 142 0 0 0 0 0 0 0 0 0 0 0 0 0 0
0 0 0 0 1 1 1 9 0 33 0 40 40 159 0 0 0 0 0 0 0 0 0 7 0 0 0 0
0 0 0 0 0 1 1 22 0 132 0 0 79 200 0 0 0 0 0 0 0 0 0 7 0 0 0 0
0 0 0 0 1 1 3 37 0 170 0 40 85 568 0 0 0 0 0 0 1 58 0 592 0 0 0 148
0 0 0 0 1 1 2 23 0 114 0 40 53 235 0 0 0 0 0 0 1 58 0 592 0 0 0 148
0 0 0 0 0 1 1 11 0 50 0 0 41 217 0 0 0 0 0 0 0 0 0 0 0 0 0 0
0 0 0 0 0 1 1 18 0 87 0 4 72 245 0 0 0 0 0 0 0 0 0 0 0 0 0 0
0 0 0 0 1 1 1 19 0 84 0 40 160 200 0 0 0 0 0 0 0 0 0 0 0 0 0 0
0 0 0 0 0 1 1 11 0 40 0 4 97 185 0 0 0 0 0 0 0 0 0 7 0 0 0 0
0 0 0 0 0 1 1 6 0 27 0 0 40 73 0 0 0 0 0 0 0 0 0 7 0 0 0 0
0 0 0 0 1 1 1 8 0 32 0 40 40 139 0 0 0 0 0 0 0 0 0 0 0 0 0 0
0 0 0 0 0 1 1 7 0 32 0 0 40 151 0 0 0 0 0 0 0 0 0 0 0 0 0 0
0 0 0 0 0 0 1 4 0 26 0 0 1 59 0 0 0 0 0 0 0 0 0 0 0 0 0 0
0 0 0 0 0 1 1 7 0 30 0 4 40 122 0 0 0 0 0 0 0 0 0 0 0 0 0 0
0 0 0 0 1 1 1 8 0 31 0 40 40 130 0 0 0 0 0 0 0 0 0 7 0 0 0 0
0 0 0 0 0 1 1 6 0 32 0 0 40 159 0 0 0 0 0 0 0 0 0 7 0 0 0 0
0 0 0 0 0 1 1 17 0 83 0 0 73 200 0 0 0 0 0 0 0 7 0 60 0 0 0 0
0 0 0 0 1 1 1 23 0 87 0 48 161 200 0 0 0 0 0 0 0 7 0 60 0 0 0 0
0 0 0 0 1 1 2 46 0 291 0 51 198 289 0 0 0 0 0 0 1 42 0 415 0 0 0 117
0 0 0 0 1 1 2 40 0 290 0 40 85 289 0 0 0 0 0 0 1 42 0 415 0 0 0 117
0 0 0 0 1 1 1 8 0 32 0 40 40 139 0 0 0 0 0 0 0 0 0 0 0 0 0 0
0 0 0 0 0 1 1 9 0 35 0 4 41 178 0 0 0 0 0 0 0 0 0 7 0 0 0 0
0 0 0 0 0 1 1 23 0 132 0 0 79 200 0 0 0 0 0 0 0 0 0 7 0 0 0 0
0 0 0 0 1 1 1 22 0 132 0 40 49 200 0 0 0 0 0 0 0 0 0 0 0 0 0 0
0 0 0 0 0 1 1 6 0 27 0 0 40 44 0 0 0 0 0 0 0 0 0 0 0 0 0 0
0 0 0 0 0 0 1 5 0 31 0 0 0 139 0 0 0 0 0 0 0 0 0 0 0 0 0 0
0 0 0 0 0 1 1 18 0 86 0 4 73 224 0 0 0 0 0 0 0 0 0 0 0 0 0 0
0 0 0 0 1 1 2 23 0 91 0 40 160 288 0 0 0 0 0 0 0 0 0 0 0 0 0 0
0 0 0 0 0 1 1 11 0 45 0 0 50 160 0 0 0 0 0 0 0 0 0 7 0 0 0 0
0 0 0 0 0 1 1 6 0 29 0 0 40 85 0 0 0 0 0 0 0 0 0 7 0 0 0 0
0 0 0 0 1 1 1 9 0 33 0 40 40 150 0 0 0 0 0 0 0 0 0 0 0 0 0 0
0 0 0 0 0 1 1 7 0 32 0 0 40 151 0 0 0 0 0 0 0 0 0 0 0 0 0 0
0 0 0 0 0 0 0 3 0 26 0 0 0 44 0 0 0 0 0 0 0 0 0 0 0 0 0 0
0 0 0 0 0 1 1 6 0 32 0 0 40 147 0 0 0 0 0 0 0 0 0 0 0 0 0 0
0 0 0 0 0 1 1 8 0 34 0 0 40 147 0 0 0 0 0 0 0 0 0 0 0 0 0 0
0 0 0 0 0 1 1 7 0 34 0 0 40 159 0 0 0 0 0 0 0 0 0 7 0 0 0 0
0 0 0 0 0 1 1 8 0 33 0 0 40 159 0 0 0 0 0 0 0 0 0 7 0 0 0 0
0 0 0 0 1 1 1 14 0 42 0 40 160 183 0 0 0 0 0 0 0 0 0 0 0 0 0 0
0 0 0 0 1 1 1 16 0 51 0 40 162 198 0 0 0 0 0 0 0 0 0 0 0 0 0 0
0 0 0 0 0 1 1 21 0 95 0 0 198 200 0 0 0 0 0 0 0 0 0 0 0 0 0 0
0 0 0 0 1 1 1 42 0 152 0 40 224 684 0 0 0 0 0 0 0 0 0 0 0 0 0 0
0 0 0 0 1 1 1 35 0 140 0 40 200 684 0 0 0 0 0 0 0 0 0 0 0 0 0 0
0 0 0 0 1 1 1 28 0 145 0 40 79 384 0 0 0 0 0 0 0 0 0 7 0 0 0 0
0 0 0 0 1 1 1 24 0 132 0 40 79 200 0 0 0 0 0 0 0 0 0 7 0 0 0 0
0 0 0 0 0 1 1 5 0 26 0 0 40 44 0 0 0 0 0 0 0 0 0 0 0 0 0 0
0 0 0 0 0 0 0 5 0 31 0 0 0 124 0 0 0 0 0 0 0 0 0 0 0 0 0 0
0 0 0 0 0 1 1 18 0 89 0 0 74 200 0 0 0 0 0 0 0 0 0 0 0 0 0 0
0 0 0 0 1 1 1 23 0 91 0 40 160 200 0 0 0 0 0 0 0 0 0 0 0 0 0 0
0 0 0 0 0 1 1 10 0 38 0 0 45 161 0 0 0 0 0 0 0 0 0 0 0 0 0 0
0 0 0 0 0 1 1 6 0 28 0 0 40 73 0 0 0 0 0 0 0 0 0 7 0 0 0 0
0 0 0 0 1 1 1 9 0 35 0 40 40 159 0 0 0 0 0 0 0 0 0 7 0 0 0 0
0 0 0 0 0 0 1 6 0 34 0 0 1 151 0 0 0 0 0 0 0 0 0 0 0 0 0 0
0 0 0 0 0 0 1 5 0 27 0 0 1 62 0 0 0 0 0 0 0 0 0 0 0 0 0 0
0 0 0 0 1 1 1 8 0 31 0 40 40 122 0 0 0 0 0 0 0 0 0 0 0 0 0 0
0 0 0 0 0 1 1 7 0 30 0 0 40 122 0 0 0 0 0 0 0 0 0 0 0 0 0 0
0 0 0 0 0 0 0 5 0 31 0 0 0 124 0 0 0 0 0 0 0 0 0 0 0 0 0 0
0 0 0 0 1 1 1 9 0 33 0 40 40 159 0 0 0 0 0 0 0 0 0 7 0 0 0 0
0 0 0 0 1 1 1 10 0 34 0 40 40 158 0 0 0 0 0 0 0 0 0 7 0 0 0 0
0 0 0 0 0 1 1 14 0 48 0 4 161 198 0 0 0 0 0 0 0 0 0 0 0 0 0 0
0 0 0 0 0 1 1 12 0 45 0 0 160 198 0 0 0 0 0 0 0 0 0 0 0 0 0 0
0 0 0 0 1 1 1 8 0 32 0 40 40 139 0 0 0 0 0 0 0 0 0 0 0 0 0 0
0 0 0 0 1 1 1 30 0 169 0 40 78 264 0 0 0 0 0 0 0 0 0 0 0 0 0 0
0 0 0 0 1 1 2 44 0 211 0 40 200 657 0 0 0 0 0 0 0 1 0 14 0 0 0 0
0 0 0 0 1 1 1 24 0 132 0 40 79 200 0 0 0 0 0 0 0 2 0 15 0 0 0 24
0 0 0 0 0 1 1 6 0 28 0 0 40 73 0 0 0 0 0 0 0 0 0 7 0 0 0 0
0 0 0 0 0 0 1 5 0 31 0 0 0 139 0 0 0 0 0 0 0 0 0 0 0 0 0 0
0 0 0 0 0 1 1 17 0 85 0 4 73 200 0 0 0 0 0 0 0 0 0 0 0 0 0 0
0 0 0 0 1 1 1 18 0 84 0 40 72 200 0 0 0 0 0 0 0 0 0 0 0 0 0 0
0 0 0 0 1 1 2 36 0 189 0 40 161 200 0 0 0 0 0 0 1 45 0 448 0 0 0 114
0 0 0 0 1 1 2 36 0 189 0 41 161 200 0 0 0 0 0 1 1 48 0 448 0 0 53 133
0 0 0 0 1 1 1 9 0 33 0 40 40 159 0 0 0 0 0 0 1 2 0 13 0 0 0 61
0 0 0 0 0 1 1 6 0 31 0 0 40 139 0 0 0 0 0 0 0 0 0 0 0 0 0 0
0 0 0 0 0 0 1 5 0 27 0 0 1 71 0 0 0 0 0 0 0 0 0 0 0 0 0 0
0 0 0 0 0 1 1 6 0 27 0 0 40 71 0 0 0 0 0 0 0 0 0 0 0 0 0 0
0 0 0 0 0 0 1 4 0 26 0 0 0 40 0 0 0 0 0 0 0 0 0 0 0 0 0 0
0 0 0 0 0 0 0 5 0 31 0 0 0 124 0 0 0 0 0 0 0 0 0 0 0 0 0 0
0 0 0 0 0 1 1 7 0 33 0 0 40 159 0 0 0 0 0 0 0 0 0 7 0 0 0 0
0 0 0 0 0 1 1 6 0 28 0 0 40 76 0 0 0 0 0 0 0 0 0 7 0 0 0 0
0 0 0 0 0 1 1 9 0 38 0 0 45 161 0 0 0 0 0 0 0 0 0 0 0 0 0 0
0 0 0 0 0 1 1 11 0 39 0 4 75 161 0 0 0 0 0 0 0 0 0 0 0 0 0 0
0 0 0 0 0 1 1 8 0 33 0 4 40 150 0 0 0 0 0 0 0 0 0 0 0 0 0 0
0 0 0 0 0 0 1 6 0 31 0 0 1 139 0 0 0 0 0 0 0 0 0 0 0 0 0 0
0 0 0 0 0 1 1 20 0 132 0 0 41 200 0 0 0 0 0 0 0 0 0 0 0 0 0 0
0 0 0 0 1 1 3 52 0 248 0 48 186 1022 0 0 0 0 0 0 1 46 0 452 0 0 1 65
0 0 0 0 1 1 2 36 0 214 0 40 80 200 0 0 0 0 0 1 1 47 0 452 0 0 40 94
0 0 0 0 0 0 1 6 0 31 0 0 1 139 0 0 0 0 0 0 0 1 0 11 0 0 0 0
0 0 0 0 0 1 1 16 0 85 0 0 73 200 0 0 0 0 0 0 0 0 0 0 0 0 0 0
0 0 0 0 0 1 1 16 0 84 0 4 49 200 0 0 0 0 0 0 0 0 0 0 0 0 0 0
0 0 0 0 0 1 1 9 0 38 0 0 53 161 0 0 0 0 0 0 0 0 0 0 0 0 0 0
0 0 0 0 0 1 1 9 0 38 0 0 45 161 0 0 0 0 0 0 0 0 0 0 0 0 0 0
0 0 0 0 0 1 1 6 0 28 0 0 40 73 0 0 0 0 0 0 0 0 0 7 0 0 0 0
0 0 0 0 0 1 1 6 0 27 0 0 40 73 0 0 0 0 0 0 0 0 0 7 0 0 0 0
0 0 0 0 0 0 1 4 0 26 0 0 0 40 0 0 0 0 0 0 0 0 0 0 0 0 0 0
0 0 0 0 0 1 1 5 0 26 0 0 40 40 0 0 0 0 0 0 0 0 0 0 0 0 0 0
0 0 0 0 0 1 1 5 0 26 0 0 40 40 0 0 0 0 0 0 0 0 0 0 0 0 0 0
0 0 0 0 0 0 1 5 0 31 0 0 0 139 0 0 0 0 0 0 0 0 0 0 0 0 0 0
0 0 0 0 0 1 1 38 0 275 0 0 55 279 0 0 0 0 0 0 2 75 0 470 0 0 0 1567
0 0 0 0 1 1 1 38 0 275 0 40 50 279 0 0 0 0 0 0 2 76 0 469 0 0 1 1579
0 0 0 0 0 1 1 10 0 39 0 0 97 161 0 0 0 0 0 0 0 0 0 7 0 0 0 0
0 0 0 0 0 1 1 9 0 38 0 0 45 161 0 0 0 0 0 0 0 0 0 0 0 0 0 0
0 0 0 0 0 1 1 7 0 32 0 0 40 139 0 0 0 0 0 0 0 0 0 0 0 0 0 0
0 0 0 0 0 1 1 6 0 31 0 0 40 139 0 0 0 0 0 0 0 0 0 0 0 0 0 0
0 0 0 0 0 0 1 19 0 132 0 0 3 200 0 0 0 0 0 0 0 0 0 0 0 0 0 0
0 0 1 0 1 2 3 80 0 402 0 40 201 1281 0 0 1 0 0 1 3 92 0 657 0 0 40 439
0 0 1 0 1 3 5 130 0 546 0 103 284 1907 0 0 1 0 1 5 7 206 0 1001 0 74 403 4953
0 0 1 0 1 1 3 72 0 399 0 40 200 981 0 0 1 0 1 2 5 114 0 768 0 41 104 666
0 0 0 0 1 1 1 17 0 85 0 40 73 200 0 0 0 0 0 0 0 1 0 11 0 0 0 0
0 0 0 0 1 1 1 16 0 84 0 40 41 200 0 0 0 0 0 0 0 0 0 0 0 0 0 0
0 0 0 0 0 1 1 7 0 32 0 0 40 160 0 0 0 0 0 0 0 0 0 0 0 0 0 0
0 0 0 0 0 1 1 9 0 38 0 0 45 161 0 0 0 0 0 0 0 0 0 0 0 0 0 0
0 0 0 0 0 1 1 9 0 37 0 0 40 185 0 0 0 0 0 0 0 0 0 0 0 0 0 0
0 0 0 0 0 1 1 7 0 32 0 0 40 159 0 0 0 0 0 0 0 0 0 7 0 0 0 0
0 0 0 0 0 1 1 5 0 27 0 0 40 73 0 0 0 0 0 0 0 1 0 8 0 0 0 24
0 0 0 0 0 1 1 6 0 29 0 0 40 40 0 0 0 0 0 0 0 1 0 11 0 0 0 32
0 0 0 0 0 1 1 5 0 29 0 0 40 40 0 0 0 0 0 0 0 1 0 10 0 0 0 0
0 0 0 0 0 0 0 5 0 31 0 0 0 124 0 0 0 0 0 0 0 0 0 0 0 0 0 0
0 0 0 0 0 1 1 6 0 32 0 0 40 142 0 0 0 0 0 0 0 0 0 0 0 0 0 0
0 0 3 0 1 7 12 229 0 1095 0 40 1320 2384 1 0 7 0 0 6 22 1594 0 10286 0 0 812 19564
1 0 3 0 2 8 12 253 0 1100 0 257 1320 2384 1 0 8 0 2 8 24 1800 0 10447 0 213 1403 25044
0 0 1 0 1 2 4 95 0 452 0 164 474 996 0 0 2 0 1 1 5 331 0 2157 0 52 571 4604
0 0 1 1 1 2 4 238 0 1347 40 200 300 3253 0 0 1 0 1 2 5 172 0 925 0 93 326 2949
0 0 1 0 1 1 2 171 0 1285 0 40 200 271 0 0 0 0 0 1 2 46 0 397 0 0 120 273
0 0 0 0 0 1 1 22 0 132 0 0 79 200 0 0 0 0 0 0 0 0 0 0 0 0 0 0
0 0 0 0 0 1 1 22 0 132 0 4 79 200 0 0 0 0 0 0 0 0 0 7 0 0 0 0
0 0 0 0 0 1 1 8 0 35 0 0 40 159 0 0 0 0 0 0 0 1 0 10 0 0 0 24
0 0 0 0 1 1 1 12 0 43 0 40 82 200 0 0 0 0 0 1 1 4 0 17 0 0 52 65
0 0 0 0 1 1 2 20 0 102 0 41 73 225 0 0 0 0 0 1 1 3 0 15 0 0 52 52
0 0 0 0 1 1 1 17 0 99 0 40 49 184 0 0 0 0 0 0 0 1 0 15 0 0 0 0
0 0 0 0 0 1 1 6 0 29 0 0 40 114 0 0 0 0 0 0 0 1 0 15 0 0 0 0
0 0 0 0 0 1 1 10 0 38 0 0 75 161 0 0 0 0 0 0 0 0 0 0 0 0 0 0
0 0 0 0 1 1 1 13 0 45 0 40 160 185 0 0 0 0 0 0 0 0 0 0 0 0 0 0
0 0 0 0 0 1 1 8 0 36 0 0 40 159 0 0 0 0 0 0 0 2 0 16 0 0 0 24
0 0 0 0 1 1 2 41 0 197 0 40 200 520 0 0 0 0 0 1 1 42 0 373 0 0 52 145
0 0 0 0 1 1 2 41 0 197 0 40 200 520 0 0 0 0 0 1 1 41 0 372 0 0 52 92
0 0 0 0 0 1 1 6 0 27 0 0 40 41 0 0 0 0 0 0 0 0 0 6 0 0 0 0
0 0 0 0 0 1 1 7 0 35 0 0 40 169 0 0 0 0 0 0 0 1 0 14 0 0 0 24
0 0 0 0 0 1 1 8 0 37 0 0 40 169 0 0 0 0 0 0 0 1 0 14 0 0 0 24
0 0 0 0 0 1 1 6 0 29 0 0 40 40 0 0 0 0 0 0 0 0 0 3 0 0 0 0
0 0 0 0 0 1 1 7 0 33 0 0 40 88 0 0 0 0 0 0 1 4 0 22 0 0 1 61
0 0 0 0 1 1 1 12 0 43 0 40 97 161 0 0 0 0 0 0 1 4 0 22 0 0 0 61
0 0 0 0 1 1 1 12 0 42 0 40 160 185 0 0 0 0 0 0 0 0 0 0 0 0 0 0
0 0 0 0 0 1 1 34 0 139 0 0 200 684 0 0 0 0 0 0 0 0 0 0 0 0 0 0
0 0 0 0 0 1 1 48 0 166 0 4 684 684 0 0 0 0 0 0 0 0 0 4 0 0 0 0
0 0 0 0 1 1 1 33 0 156 0 40 85 612 0 0 0 0 0 0 0 0 0 4 0 0 0 0
0 0 0 0 0 1 1 18 0 124 0 4 40 154 0 0 0 0 0 0 0 1 0 10 0 0 0 0
0 0 0 0 0 1 1 6 0 32 0 0 40 159 0 0 0 0 0 0 1 2 0 13 0 0 0 40
0 0 0 0 1 1 2 41 0 238 0 40 99 437 0 0 0 0 0 0 0 0 0 7 0 0 0 0
0 0 0 0 1 1 2 39 0 237 0 40 73 437 0 0 0 0 0 0 0 0 0 7 0 0 0 0
0 0 0 0 1 1 2 39 0 250 0 40 59 271 0 0 0 0 0 1 1 45 0 397 0 0 78 179
0 0 0 0 1 1 2 44 0 251 0 40 200 271 0 0 0 0 0 1 1 44 0 397 0 0 53 179
0 0 0 0 1 1 1 12 0 43 0 40 160 200 0 0 0 0 0 0 0 0 0 0 0 0 0 0
0 0 0 0 0 1 1 6 0 31 0 0 40 139 0 0 0 0 0 0 0 0 0 0 0 0 0 0
0 0 0 0 0 0 1 5 0 27 0 0 1 73 0 0 0 0 0 0 0 0 0 7 0 0 0 0
0 0 0 0 0 1 1 6 0 28 0 0 40 79 0 0 0 0 0 0 0 0 0 7 0 0 0 0
0 0 0 0 0 0 1 4 0 26 0 0 0 49 0 0 0 0 0 0 0 0 0 0 0 0 0 0
0 0 0 0 0 0 0 5 0 31 0 0 0 124 0 0 0 0 0 0 0 0 0 0 0 0 0 0
0 0 0 0 0 0 1 6 0 31 0 0 1 139 0 0 0 0 0 0 0 0 0 0 0 0 0 0
0 0 0 0 0 1 1 5 0 26 0 0 40 40 0 0 0 0 0 0 0 0 0 0 0 0 0 0
0 0 0 0 0 0 1 4 0 26 0 0 1 40 0 0 0 0 0 0 0 0 0 0 0 0 0 0
0 0 0 0 0 1 1 11 0 43 0 0 45 161 0 0 0 0 0 0 0 0 0 7 0 0 0 0
0 0 0 0 1 1 1 13 0 46 0 40 160 185 0 0 0 0 0 0 0 0 0 7 0 0 0 0
0 0 0 0 0 0 1 6 0 31 0 0 1 139 0 0 0 0 0 0 0 0 0 0 0 0 0 0
0 0 0 0 0 0 1 4 0 26 0 0 0 64 0 0 0 0 0 0 0 0 0 7 0 0 0 0
0 0 0 0 0 1 1 21 0 132 0 0 79 200 0 0 0 0 0 0 0 0 0 7 0 0 0 0
0 0 0 0 0 1 1 21 0 132 0 0 41 200 0 0 0 0 0 0 0 0 0 0 0 0 0 0
0 0 0 0 0 0 1 5 0 31 0 0 0 139 0 0 0 0 0 0 0 0 0 0 0 0 0 0
0 0 0 0 0 1 1 10 0 43 0 0 41 200 0 0 0 0 0 0 0 0 0 7 0 0 0 0
0 0 0 0 1 1 1 17 0 84 0 40 73 200 0 0 0 0 0 0 0 0 0 7 0 0 0 0
0 0 0 0 0 1 1 12 0 79 0 0 40 151 0 0 0 0 0 0 0 0 0 0 0 0 0 0
0 0 0 0 0 0 1 4 0 26 0 0 1 40 0 0 0 0 0 0 0 0 0 0 0 0 0 0
0 0 0 0 1 1 1 12 0 48 0 40 45 185 0 0 0 0 0 0 0 0 0 0 0 0 0 0
0 0 0 0 0 1 1 11 0 48 0 0 45 185 0 0 0 0 0 0 0 0 0 0 0 0 0 0
0 0 0 0 0 0 1 4 0 27 0 0 0 71 0 0 0 0 0 0 0 0 0 0 0 0 0 0
0 0 0 0 0 1 1 7 0 29 0 4 40 85 0 0 0 0 0 0 0 0 0 7 0 0 0 0
0 0 0 0 0 1 1 6 0 28 0 0 40 76 0 0 0 0 0 0 0 1 0 10 0 0 0 24
0 0 0 0 0 0 1 12 0 87 0 0 0 200 0 0 0 0 0 0 0 0 0 7 0 0 0 0
0 0 0 0 0 1 1 19 0 104 0 0 40 200 0 0 0 0 0 0 0 0 0 0 0 0 0 0
0 0 0 0 0 1 1 11 0 63 0 0 40 142 0 0 0 0 0 0 0 0 0 0 0 0 0 0
0 0 0 0 0 0 1 4 0 26 0 0 0 40 0 0 0 0 0 0 0 0 0 0 0 0 0 0
0 0 0 0 0 0 1 5 0 27 0 0 1 73 0 0 0 0 0 0 0 0 0 7 0 0 0 0
0 0 0 0 1 1 1 15 0 41 0 43 97 161 0 0 0 0 0 0 0 0 0 7 0 0 0 0
0 0 0 0 1 1 1 15 0 43 0 43 160 185 0 0 0 0 0 0 0 0 0 0 0 0 0 0
0 0 0 0 0 0 1 5 0 31 0 0 0 139 0 0 0 0 0 0 0 0 0 0 0 0 0 0
0 0 0 0 0 1 1 21 0 133 0 0 49 200 0 0 0 0 0 0 0 0 0 0 0 0 0 0
0 0 0 0 0 1 1 21 0 133 0 0 49 200 0 0 0 0 0 0 0 0 0 0 0 0 0 0
0 0 0 0 0 0 0 3 0 25 0 0 0 24 0 0 0 0 0 0 0 0 0 0 0 0 0 0
0 0 0 0 0 1 1 7 0 33 0 0 40 159 0 0 0 0 0 0 0 0 0 7 0 0 0 0
0 0 0 0 1 1 1 18 0 86 0 40 74 200 0 0 0 0 0 0 0 0 0 7 0 0 0 0
0 0 0 0 0 1 1 14 0 83 0 0 41 200 0 0 0 0 0 0 0 0 0 0 0 0 0 0
0 0 0 0 0 0 1 4 0 26 0 0 0 40 0 0 0 0 0 0 0 0 0 0 0 0 0 0
0 0 0 0 1 1 1 11 0 38 0 40 45 161 0 0 0 0 0 0 0 0 0 0 0 0 0 0
0 0 0 0 0 1 1 11 0 42 0 0 160 185 0 0 0 0 0 0 0 0 0 0 0 0 0 0
0 0 0 0 0 0 1 5 0 31 0 0 0 139 0 0 0 0 0 0 0 0 0 0 0 0 0 0
0 0 0 0 0 1 1 6 0 27 0 0 40 73 0 0 0 0 0 0 0 0 0 7 0 0 0 0
0 0 0 0 0 1 1 6 0 28 0 0 40 76 0 0 0 0 0 0 0 0 0 7 0 0 0 0
0 0 0 0 0 0 0 3 0 25 0 0 0 29 0 0 0 0 0 0 0 0 0 0 0 0 0 0
0 0 0 0 0 1 1 7 0 32 0 0 40 139 0 0 0 0 0 0 0 0 0 0 0 0 0 0
0 0 0 0 0 1 1 7 0 32 0 0 40 139 0 0 0 0 0 0 0 0 0 0 0 0 0 0
0 0 0 0 0 0 0 3 0 25 0 0 0 24 0 0 0 0 0 0 0 0 0 0 0 0 0 0
0 0 0 0 0 0 1 4 0 26 0 0 0 40 0 0 0 0 0 0 0 0 0 0 0 0 0 0
0 0 0 0 1 1 1 11 0 39 0 40 97 161 0 0 0 0 0 0 0 0 0 7 0 0 0 0
0 0 0 0 1 1 1 12 0 42 0 40 160 185 0 0 0 0 0 0 0 0 0 7 0 0 0 0
0 0 0 0 0 0 1 5 0 31 0 0 0 139 0 0 0 0 0 0 0 0 0 0 0 0 0 0
0 0 0 0 0 1 1 22 0 132 0 4 49 200 0 0 0 0 0 0 0 0 0 0 0 0 0 0
0 0 0 0 0 1 1 21 0 132 0 0 49 200 0 0 0 0 0 0 0 0 0 0 0 0 0 0
0 0 0 0 0 0 0 3 0 25 0 0 0 0 0 0 0 0 0 0 0 0 0 0 0 0 0 0
0 0 0 0 0 1 1 6 0 31 0 0 40 139 0 0 0 0 0 0 0 0 0 0 0 0 0 0
0 0 0 0 1 1 1 18 0 89 0 40 74 200 0 0 0 0 0 0 0 0 0 7 0 0 0 0
0 0 0 0 0 1 1 15 0 88 0 0 73 200 0 0 0 0 0 0 0 0 0 7 0 0 0 0
0 0 0 0 0 0 1 4 0 26 0 0 0 40 0 0 0 0 0 0 0 0 0 0 0 0 0 0
0 0 0 0 1 1 1 11 0 38 0 40 45 161 0 0 0 0 0 0 0 0 0 0 0 0 0 0
0 0 0 0 0 1 1 11 0 42 0 0 160 185 0 0 0 0 0 0 0 0 0 0 0 0 0 0
0 0 0 0 0 0 0 5 0 31 0 0 0 124 0 0 0 0 0 0 0 0 0 0 0 0 0 0
0 0 0 0 0 1 1 3 0 20 0 0 40 40 0 0 0 0 0 0 0 0 0 0 0 0 0 0
0 0 0 0 0 1 1 3 0 12 0 0 40 40 0 0 0 0 0 0 0 0 0 7 0 0 0 0
0 0 0 0 0 0 0 1 0 9 0 0 0 0 0 0 0 0 0 0 0 0 0 7 0 0 0 0
0 0 0 0 0 0 0 1 0 7 0 0 0 24 0 0 0 0 0 0 0 0 0 0 0 0 0 0
0 0 0 0 0 0 1 1 0 8 0 0 0 40 0 0 0 0 0 0 0 0 0 0 0 0 0 0
0 0 0 0 0 0 0 0 0 5 0 0 0 0 0 0 0 0 0 0 0 0 0 0 0 0 0 0
0 0 0 0 0 0 1 1 0 7 0 0 0 40 0 0 0 0 0 0 0 0 0 7 0 0 0 0
0 0 0 0 0 1 1 6 0 26 0 0 40 117 0 0 0 0 0 0 0 0 0 7 0 0 0 0
0 0 0 0 0 1 1 8 0 30 0 0 40 160 0 0 0 0 0 0 0 4 0 37 0 0 0 24
0 0 0 0 0 1 1 4 0 18 0 0 40 40 0 0 0 0 0 0 0 4 0 37 0 0 0 24
0 0 0 0 0 1 1 19 0 130 0 4 41 79 0 0 0 0 0 0 0 0 0 0 0 0 0 0
0 0 0 0 0 1 1 19 0 130 0 0 41 79 0 0 0 0 0 0 0 0 0 0 0 0 0 0
0 0 0 0 0 0 0 0 0 3 0 0 0 0 0 0 0 0 0 0 0 0 0 0 0 0 0 0
0 0 0 0 0 0 1 1 0 7 0 0 0 40 0 0 0 0 0 0 0 0 0 0 0 0 0 0
0 0 0 0 0 1 1 13 0 80 0 0 40 97 0 0 0 0 0 0 0 0 0 0 0 0 0 0
0 0 0 0 0 1 1 12 0 81 0 0 40 105 0 0 0 0 0 0 0 0 0 7 0 0 0 0
0 0 0 0 0 0 1 2 0 11 0 0 1 40 0 0 0 0 0 0 0 0 0 7 0 0 0 0
0 0 0 0 0 1 1 3 0 12 0 0 40 44 0 0 0 0 0 0 0 0 0 0 0 0 0 0
0 0 0 0 0 1 1 7 0 30 0 0 41 160 0 0 0 0 0 0 0 0 0 0 0 0 0 0
0 0 0 0 0 1 1 6 0 29 0 0 40 160 0 0 0 0 0 0 0 0 0 0 0 0 0 0
0 0 0 0 0 1 1 2 0 9 0 0 40 40 0 0 0 0 0 0 0 0 0 0 0 0 0 0
0 0 0 0 0 0 1 2 0 11 0 0 1 40 0 0 0 0 0 0 0 0 0 7 0 0 0 0
0 0 0 0 0 0 0 1 0 9 0 0 0 0 0 0 0 0 0 0 0 0 0 7 0 0 0 0
0 0 0 0 0 0 1 1 0 7 0 0 0 40 0 0 0 0 0 0 0 0 0 0 0 0 0 0
0 0 0 0 0 1 1 2 0 9 0 0 40 40 0 0 0 0 0 0 0 0 0 0 0 0 0 0
0 0 0 0 0 0 0 0 0 5 0 0 0 0 0 0 0 0 0 0 0 0 0 0 0 0 0 0
0 0 0 0 0 0 1 1 0 7 0 0 0 40 0 0 0 0 0 0 0 0 0 0 0 0 0 0
0 0 0 0 0 1 1 2 0 9 0 0 40 40 0 0 0 0 0 0 0 0 0 0 0 0 0 0
0 0 0 0 0 1 2 59 0 368 0 4 160 438 0 0 0 0 0 0 1 41 0 366 0 0 0 61
0 0 0 0 1 1 2 60 0 368 0 40 160 438 0 0 0 0 0 0 1 42 0 366 0 0 0 78
0 0 0 0 1 1 1 47 0 168 0 40 506 684 0 0 0 0 0 0 0 0 0 7 0 0 0 0
0 0 0 0 1 1 1 59 0 188 0 43 684 684 0 0 0 0 0 0 0 0 0 0 0 0 0 0
0 0 0 0 0 0 1 36 0 209 0 0 0 684 0 0 0 0 0 0 0 0 0 0 0 0 0 0
0 0 0 0 0 1 1 25 0 191 0 0 40 40 0 0 0 0 0 0 0 0 0 0 0 0 0 0
0 0 0 0 0 1 1 13 0 80 0 0 40 73 0 0 0 0 0 0 0 0 0 0 0 0 0 0
0 0 0 0 0 0 1 11 0 80 0 0 1 86 0 0 0 0 0 0 0 0 0 7 0 0 0 0
0 0 0 0 0 0 1 2 0 11 0 0 1 40 0 0 0 0 0 0 0 0 0 7 0 0 0 0
0 0 0 0 0 1 1 2 0 9 0 0 40 40 0 0 0 0 0 0 0 0 0 0 0 0 0 0
0 0 0 0 0 1 1 6 0 29 0 0 40 160 0 0 0 0 0 0 0 0 0 0 0 0 0 0
0 0 0 0 0 1 1 6 0 29 0 0 40 160 0 0 0 0 0 0 0 0 0 0 0 0 0 0
0 0 0 0 0 1 1 2 0 9 0 0 40 40 0 0 0 0 0 0 0 0 0 0 0 0 0 0
0 0 0 0 0 0 1 1 0 7 0 0 0 40 0 0 0 0 0 0 0 0 0 0 0 0 0 0
0 0 0 0 0 0 0 1 0 9 0 0 0 0 0 0 0 0 0 0 0 0 0 7 0 0 0 0
0 0 0 0 0 1 1 2 0 12 0 0 40 40 0 0 0 0 0 0 0 0 0 7 0 0 0 0
0 0 0 0 0 0 1 2 0 9 0 0 1 40 0 0 0 0 0 0 0 0 0 0 0 0 0 0
0 0 0 0 0 0 0 0 0 3 0 0 0 0 0 0 0 0 0 0 0 0 0 0 0 0 0 0
0 0 0 0 0 0 0 1 0 6 0 0 0 24 0 0 0 0 0 0 0 0 0 0 0 0 0 0
0 0 0 0 0 0 1 2 0 9 0 0 1 40 0 0 0 0 0 0 0 0 0 0 0 0 0 0
0 0 0 0 0 1 1 6 0 29 0 0 40 160 0 0 0 0 0 0 0 0 0 0 0 0 0 0
0 0 0 0 0 1 1 6 0 30 0 0 40 160 0 0 0 0 0 0 0 0 0 7 0 0 0 0
0 0 0 0 0 1 1 19 0 133 0 0 40 109 0 0 0 0 0 0 0 0 0 7 0 0 0 0
0 0 0 0 0 1 1 18 0 133 0 0 40 103 0 0 0 0 0 0 0 0 0 0 0 0 0 0
0 0 0 0 0 0 0 0 0 3 0 0 0 0 0 0 0 0 0 0 0 0 0 0 0 0 0 0
0 0 0 0 0 0 0 0 0 5 0 0 0 0 0 0 0 0 0 0 0 0 0 0 0 0 0 0
0 0 0 0 0 1 1 12 0 80 0 0 40 73 0 0 0 0 0 0 0 0 0 0 0 0 0 0
0 0 1 0 1 3 7 96 0 511 0 40 159 1518 0 0 4 0 0 2 10 668 0 5419 0 0 356 3817
0 0 1 0 1 3 7 123 0 599 0 48 254 2671 0 0 4 0 0 5 10 734 0 5444 0 5 622 6108
0 0 0 0 0 1 2 40 0 330 0 0 40 182 0 0 0 0 0 0 1 65 0 604 0 0 0 279
0 0 0 0 0 1 1 6 0 29 0 0 40 160 0 0 0 0 0 0 0 0 0 0 0 0 0 0
0 0 0 0 0 0 1 5 0 28 0 0 0 160 0 0 0 0 0 0 0 0 0 0 0 0 0 0
0 0 0 0 0 0 1 2 0 11 0 0 1 40 0 0 0 0 0 0 0 0 0 0 0 0 0 0
0 0 0 0 0 1 1 2 0 12 0 0 40 44 0 0 0 0 0 0 0 0 0 0 0 0 0 0
0 0 0 0 0 0 0 0 0 5 0 0 0 0 0 0 0 0 0 0 0 0 0 0 0 0 0 0
0 0 0 0 0 1 1 3 0 14 0 0 40 40 0 0 0 0 0 0 0 1 0 12 0 0 0 24
0 0 0 0 0 1 1 4 0 14 0 0 40 40 0 0 0 0 0 0 0 1 0 12 0 0 0 24
0 0 0 0 0 0 0 0 0 5 0 0 0 0 0 0 0 0 0 0 0 0 0 0 0 0 0 0
0 0 0 0 0 0 0 0 0 5 0 0 0 0 0 0 0 0 0 0 0 0 0 0 0 0 0 0
0 0 1 0 0 1 2 49 0 359 0 0 40 132 0 0 1 0 0 0 1 78 0 557 0 0 0 531
0 0 1 0 0 1 2 53 0 360 0 4 71 174 0 0 1 0 0 0 1 78 0 557 0 0 0 531
0 0 0 0 0 0 1 6 0 30 0 0 3 160 0 0 0 0 0 0 0 0 0 0 0 0 0 0
0 0 0 0 1 1 1 12 0 51 0 40 79 135 0 0 0 0 0 0 1 1 0 10 0 0 0 47
0 0 0 0 1 1 1 20 0 130 0 40 41 89 0 0 0 0 0 0 1 1 0 10 0 0 0 47
0 0 0 0 0 0 0 11 0 122 0 0 0 0 0 0 0 0 0 0 0 0 0 0 0 0 0 0
0 0 0 0 0 0 1 2 0 14 0 0 0 44 0 0 0 0 0 0 0 1 0 10 0 0 0 0
0 0 0 0 0 1 2 14 0 81 0 0 49 104 0 0 0 0 0 0 0 1 0 10 0 0 0 0
0 0 0 0 0 1 1 12 0 81 0 0 40 126 0 0 0 0 0 0 0 2 0 26 0 0 0 0
0 0 1 0 1 3 4 46 0 213 0 41 284 493 0 0 1 0 1 2 6 135 0 698 0 54 295 2876
0 0 1 0 3 4 4 95 0 308 0 299 444 1151 0 0 1 0 2 5 6 248 0 944 0 91 1394 4259
0 0 1 0 1 3 4 70 0 291 0 55 336 1099 0 0 1 0 1 4 6 161 0 786 0 52 230 3865
0 0 0 0 1 2 3 42 0 218 0 48 161 325 0 0 1 0 0 1 4 84 0 563 0 0 53 602
0 0 1 0 1 2 3 74 0 375 0 111 199 911 0 0 1 0 0 3 6 125 0 670 0 0 189 2757
0 0 1 0 0 1 3 51 0 356 0 0 61 253 0 0 1 0 0 0 6 86 0 574 0 0 0 815
0 0 0 0 0 0 0 0 0 3 0 0 0 0 0 0 0 0 0 0 0 0 0 0 0 0 0 0
0 0 0 0 0 0 1 2 0 11 0 0 0 40 0 0 0 0 0 0 0 0 0 7 0 0 0 0
0 0 0 0 0 1 1 2 0 12 0 0 40 44 0 0 0 0 0 0 0 0 0 7 0 0 0 0
0 0 0 0 0 0 0 0 0 5 0 0 0 0 0 0 0 0 0 0 0 0 0 0 0 0 0 0
0 0 0 0 0 1 2 23 0 179 0 0 40 238 0 0 0 0 0 0 2 46 0 441 0 0 0 121
0 0 0 0 0 1 2 24 0 179 0 0 40 238 0 0 0 0 0 0 2 46 0 441 0 0 0 121
0 0 0 0 0 0 0 1 0 6 0 0 0 24 0 0 0 0 0 0 0 0 0 0 0 0 0 0
0 0 0 0 0 0 1 5 0 28 0 0 0 160 0 0 0 0 0 0 0 0 0 0 0 0 0 0
0 0 0 0 0 1 1 7 0 30 0 0 40 160 0 0 0 0 0 0 0 0 0 7 0 0 0 0
0 0 0 0 0 1 1 19 0 130 0 0 40 88 0 0 0 0 0 0 0 0 0 7 0 0 0 0
0 0 0 0 0 1 1 20 0 133 0 0 40 238 0 0 0 0 0 0 0 1 0 8 0 0 0 0
0 0 0 0 0 1 3 24 0 183 0 0 40 253 0 0 0 0 0 0 1 46 0 448 0 0 0 69
0 0 1 0 1 1 3 38 0 208 0 40 75 344 0 0 1 0 0 1 3 85 0 579 0 0 55 458
0 0 0 0 0 1 2 23 0 128 0 0 49 335 0 0 0 0 0 0 1 39 0 371 0 0 1 120
0 0 1 0 1 2 4 72 0 297 0 52 305 1133 0 0 1 0 0 4 6 179 0 919 0 4 230 3849
0 0 1 0 1 2 4 68 0 289 0 52 298 1133 0 0 1 0 1 4 6 181 0 918 0 41 230 3849
0 0 0 0 0 1 1 3 0 12 0 0 40 40 0 0 0 0 0 0 0 1 0 8 0 0 0 24
0 0 0 0 0 0 1 5 0 28 0 0 0 160 0 0 0 0 0 0 0 0 0 0 0 0 0 0
0 0 0 0 0 1 2 31 0 188 0 0 160 176 0 0 0 0 0 0 1 44 0 448 0 0 0 47
0 0 0 0 0 1 2 26 0 187 0 0 40 135 0 0 0 0 0 0 1 46 0 448 0 0 1 94
0 0 0 0 0 0 0 1 0 6 0 0 0 24 0 0 0 0 0 0 0 1 0 11 0 0 0 0
0 0 0 0 0 0 1 11 0 102 0 0 1 40 0 0 0 0 0 0 0 7 0 82 0 0 0 0
0 0 0 0 0 1 1 13 0 102 0 4 40 49 0 0 0 0 0 0 0 8 0 82 0 0 0 24
0 0 0 0 1 1 1 32 0 266 0 40 40 183 0 0 0 0 0 1 2 44 0 396 0 0 74 170
0 0 0 0 0 1 1 30 0 266 0 0 40 167 0 0 0 0 0 1 2 43 0 397 0 0 53 170
0 0 0 0 0 1 1 2 0 9 0 0 40 40 0 0 0 0 0 0 0 0 0 0 0 0 0 0
0 0 0 0 0 0 1 1 0 7 0 0 0 40 0 0 0 0 0 0 0 0 0 0 0 0 0 0
0 0 0 0 0 0 1 5 0 28 0 0 0 160 0 0 0 0 0 0 0 0 0 0 0 0 0 0
0 0 0 0 1 1 3 33 0 183 0 40 160 326 0 0 0 0 0 1 3 78 0 558 0 0 48 343
0 0 0 0 1 2 3 46 0 221 0 43 104 438 0 0 0 0 0 1 3 79 0 558 0 0 53 343
0 0 0 0 0 1 1 18 0 130 0 0 40 88 0 0 0 0 0 0 0 0 0 7 0 0 0 0
0 0 0 0 0 0 1 1 0 7 0 0 0 40 0 0 0 0 0 0 0 0 0 0 0 0 0 0
0 0 0 0 0 0 1 2 0 9 0 0 1 40 0 0 0 0 0 0 0 0 0 0 0 0 0 0
0 0 0 0 0 0 1 11 0 80 0 0 0 73 0 0 0 0 0 0 0 0 0 0 0 0 0 0
0 0 0 0 0 0 1 11 0 80 0 0 1 73 0 0 0 0 0 0 0 0 0 0 0 0 0 0
0 0 0 0 0 1 1 2 0 9 0 0 40 40 0 0 0 0 0 0 0 0 0 0 0 0 0 0
0 0 0 0 0 1 1 3 0 14 0 0 40 59 0 0 0 0 0 0 0 0 0 7 0 0 0 0
0 0 0 0 1 1 2 34 0 204 0 40 160 176 0 0 0 0 0 0 1 45 0 448 0 0 1 65
0 0 0 0 1 1 2 34 0 203 0 40 160 176 0 0 0 0 0 0 1 46 0 448 0 0 1 94
0 0 0 0 0 1 1 2 0 9 0 0 40 40 0 0 0 0 0 0 0 1 0 11 0 0 0 0
0 0 0 0 0 0 0 0 0 4 0 0 0 0 0 0 0 0 0 0 0 0 0 0 0 0 0 0
0 0 0 0 0 0 1 1 0 8 0 0 0 40 0 0 0 0 0 0 0 0 0 0 0 0 0 0
0 0 0 0 0 0 1 1 0 8 0 0 0 40 0 0 0 0 0 0 0 0 0 0 0 0 0 0
0 0 0 0 0 0 0 1 0 9 0 0 0 0 0 0 0 0 0 0 0 0 0 7 0 0 0 0
0 0 0 0 0 0 1 2 0 11 0 0 0 40 0 0 0 0 0 0 0 0 0 7 0 0 0 0
0 0 0 0 0 0 1 2 0 9 0 0 1 40 0 0 0 0 0 0 0 0 0 0 0 0 0 0
0 0 0 0 0 0 0 1 0 6 0 0 0 24 0 0 0 0 0 0 0 0 0 0 0 0 0 0
0 0 0 0 0 0 0 1 0 6 0 0 0 24 0 0 0 0 0 0 0 0 0 0 0 0 0 0
0 0 0 0 0 1 1 7 0 31 0 0 40 160 0 0 0 0 0 0 0 0 0 0 0 0 0 0
0 0 0 0 1 1 1 35 0 157 0 40 160 612 0 0 0 0 0 0 0 0 0 7 0 0 0 0
0 0 0 0 0 1 1 51 0 194 0 4 684 684 0 0 0 0 0 0 0 0 0 7 0 0 0 0
0 0 0 0 0 1 1 29 0 136 0 0 40 684 0 0 0 0 0 0 0 0 0 0 0 0 0 0
0 0 0 0 0 1 1 7 0 62 0 0 40 40 0 0 0 0 0 0 0 0 0 0 0 0 0 0
0 0 0 0 0 0 1 11 0 80 0 0 1 73 0 0 0 0 0 0 0 0 0 0 0 0 0 0
0 0 0 0 0 1 2 27 0 142 0 4 73 311 0 0 0 0 0 0 1 34 0 351 0 0 0 84
0 0 0 0 1 2 3 37 0 201 0 40 111 325 0 0 1 0 0 1 3 84 0 562 0 0 80 533
0 0 0 0 0 1 2 21 0 164 0 0 40 116 0 0 0 0 0 1 1 51 0 443 0 0 40 297
0 0 0 0 0 0 1 1 0 10 0 0 0 40 0 0 0 0 0 0 0 0 0 7 0 0 0 0
0 0 0 0 0 1 1 6 0 29 0 0 40 160 0 0 0 0 0 0 0 0 0 0 0 0 0 0
0 0 0 0 0 1 1 29 0 248 0 0 40 160 0 0 0 0 0 0 0 0 0 0 0 0 0 0
0 0 0 0 0 0 2 46 0 306 0 0 0 589 0 0 0 0 0 0 0 0 0 0 0 0 0 0
0 0 0 0 0 0 1 24 0 183 0 0 1 40 0 0 0 0 0 0 0 0 0 0 0 0 0 0
0 0 0 0 0 1 1 2 0 9 0 0 40 40 0 0 0 0 0 0 0 0 0 0 0 0 0 0
0 0 0 0 0 1 2 15 0 73 0 0 40 260 0 0 0 0 0 1 2 47 0 371 0 0 40 171
0 0 0 0 0 1 2 15 0 73 0 0 40 260 0 0 0 0 0 1 2 47 0 371 0 0 40 171
0 0 0 0 0 0 1 2 0 9 0 0 1 40 0 0 0 0 0 0 0 0 0 0 0 0 0 0
0 0 0 0 0 0 0 0 0 5 0 0 0 0 0 0 0 0 0 0 0 0 0 0 0 0 0 0
0 0 0 0 0 0 0 0 0 5 0 0 0 0 0 0 0 0 0 0 0 0 0 0 0 0 0 0
0 0 0 0 0 1 1 9 0 35 0 0 40 160 0 0 0 0 0 0 0 0 0 0 0 0 0 0
0 0 0 0 1 1 1 25 0 133 0 40 160 203 0 0 0 0 0 0 0 0 0 0 0 0 0 0
0 0 0 0 0 1 1 18 0 130 0 0 40 88 0 0 0 0 0 0 0 0 0 7 0 0 0 0
0 0 0 0 0 0 1 2 0 11 0 0 0 40 0 0 0 0 0 0 0 0 0 7 0 0 0 0
0 0 0 0 0 0 1 2 0 8 0 0 1 40 0 0 0 0 0 0 0 0 0 0 0 0 0 0
0 0 0 0 0 1 1 11 0 80 0 0 40 73 0 0 0 0 0 0 0 0 0 0 0 0 0 0
0 0 0 0 0 0 1 11 0 80 0 0 1 73 0 0 0 0 0 0 0 0 0 0 0 0 0 0
0 0 0 0 0 1 1 2 0 11 0 0 40 40 0 0 0 0 0 0 0 0 0 0 0 0 0 0
0 0 0 0 0 1 1 8 0 42 0 0 40 78 0 0 0 0 0 0 0 0 0 0 0 0 0 0
0 0 0 0 0 1 1 9 0 47 0 0 40 131 0 0 0 0 0 0 0 0 0 7 0 0 0 0
0 0 0 0 0 1 1 9 0 37 0 0 40 160 0 0 0 0 0 0 0 0 0 7 0 0 0 0
0 0 0 0 0 1 1 6 0 29 0 0 40 160 0 0 0 0 0 0 0 0 0 0 0 0 0 0
0 0 0 0 0 0 0 0 0 3 0 0 0 0 0 0 0 0 0 0 0 0 0 0 0 0 0 0
0 0 0 0 0 0 0 1 0 6 0 0 0 24 0 0 0 0 0 0 0 0 0 0 0 0 0 0
0 0 0 0 0 0 0 1 0 6 0 0 0 24 0 0 0 0 0 0 0 0 0 0 0 0 0 0
0 0 0 0 0 0 0 0 0 0 0 0 0 0 0 0 0 0 0 0 0 0 0 0 0 0 0 0
0 0 0 0 0 0 0 1 0 9 0 0 0 24 0 0 0 0 0 0 0 0 0 7 0 0 0 0
0 0 0 0 0 0 1 2 0 11 0 0 0 40 0 0 0 0 0 0 0 0 0 7 0 0 0 0
0 0 0 0 0 0 1 1 0 10 0 0 0 40 0 0 0 0 0 0 0 0 0 0 0 0 0 0
0 0 0 0 0 0 1 1 0 10 0 0 0 40 0 0 0 0 0 0 0 0 0 0 0 0 0 0
0 0 0 0 0 1 1 6 0 29 0 0 40 160 0 0 0 0 0 0 0 0 0 0 0 0 0 0
0 0 0 0 0 0 1 5 0 28 0 0 0 160 0 0 0 0 0 0 0 0 0 0 0 0 0 0
0 0 0 0 0 0 0 0 0 0 0 0 0 0 0 0 0 0 0 0 0 0 0 0 0 0 0 0
0 0 0 0 0 0 0 1 0 10 0 0 0 24 0 0 0 0 0 0 0 0 0 7 0 0 0 0
0 0 0 0 0 0 1 1 0 10 0 0 0 40 0 0 0 0 0 0 0 0 0 7 0 0 0 0
0 0 0 0 0 0 1 14 0 86 0 0 1 225 0 0 0 0 0 0 0 3 0 33 0 0 0 0
0 0 0 0 0 1 1 14 0 86 0 0 40 225 0 0 0 0 0 0 0 3 0 33 0 0 0 0
0 0 0 0 0 0 0 1 0 6 0 0 0 24 0 0 0 0 0 0 0 0 0 0 0 0 0 0
0 0 0 0 0 0 0 0 0 3 0 0 0 0 0 0 0 0 0 0 0 0 0 0 0 0 0 0
0 0 0 0 0 0 0 0 0 5 0 0 0 0 0 0 0 0 0 0 0 0 0 0 0 0 0 0
0 0 0 0 0 1 1 6 0 27 0 0 40 134 0 0 0 0 0 0 0 0 0 7 0 0 0 0
0 0 0 0 0 1 1 16 0 78 0 0 97 161 0 0 0 0 0 0 0 0 0 7 0 0 0 0
0 0 0 0 1 1 2 32 0 113 0 43 242 525 0 0 0 0 0 0 0 3 0 41 0 0 0 0
0 0 1 1 2 3 4 75 0 152 73 251 447 557 0 0 0 0 0 0 0 3 0 41 0 0 0 0
0 0 0 1 2 2 3 75 0 158 73 213 509 709 0 0 0 0 0 0 0 3 0 24 0 0 0 50
0 0 0 0 1 1 1 33 0 116 0 77 153 542 0 0 0 0 0 0 1 4 0 25 0 0 0 81
0 0 0 0 1 1 1 21 0 75 0 73 153 153 0 0 0 0 0 0 0 1 0 10 0 0 0 24
0 0 0 0 1 1 1 16 0 41 0 73 153 153 0 0 0 0 0 0 0 0 0 7 0 0 0 0
0 0 0 0 1 1 1 18 0 73 0 73 153 153 0 0 0 0 0 0 0 0 0 0 0 0 0 0
0 0 0 0 1 1 1 18 0 73 0 73 153 153 0 0 0 0 0 0 0 0 0 0 0 0 0 0
0 0 0 0 1 1 1 13 0 36 0 43 76 153 0 0 0 0 0 0 0 0 0 0 0 0 0 0
0 0 0 0 1 1 1 17 0 44 0 73 153 160 0 0 0 0 0 0 0 0 0 0 0 0 0 0
0 0 0 0 0 1 1 11 0 38 0 0 153 160 0 0 0 0 0 0 0 0 0 0 0 0 0 0
0 0 0 0 0 1 1 3 0 13 0 0 40 40 0 0 0 0 0 0 1 3 0 27 0 0 0 61
0 0 0 0 0 1 1 9 0 63 0 0 40 64 0 0 0 0 0 0 1 3 0 27 0 0 0 61
0 0 0 0 0 1 1 17 0 101 0 0 40 225 0 0 0 0 0 0 0 0 0 0 0 0 0 0
0 0 0 0 0 0 1 11 0 80 0 0 0 73 0 0 0 0 0 0 0 0 0 0 0 0 0 0
0 0 0 0 0 1 1 2 0 9 0 0 40 40 0 0 0 0 0 0 0 0 0 0 0 0 0 0
0 0 0 0 0 0 1 2 0 8 0 0 1 40 0 0 0 0 0 0 0 0 0 0 0 0 0 0
0 0 0 0 0 0 0 0 0 0 0 0 0 0 0 0 0 0 0 0 0 0 0 0 0 0 0 0
0 0 0 0 0 1 1 3 0 12 0 0 40 40 0 0 0 0 0 0 0 0 0 7 0 0 0 0
0 0 0 0 1 1 1 8 0 31 0 40 40 160 0 0 0 0 0 0 0 0 0 7 0 0 0 0
0 0 0 0 0 0 1 6 0 29 0 0 1 160 0 0 0 0 0 0 0 1 0 18 0 0 0 0
0 0 0 0 0 1 1 8 0 36 0 0 40 198 0 0 0 0 0 0 0 1 0 18 0 0 0 0
0 0 1 0 1 1 7 95 0 468 0 40 206 1516 0 0 4 0 0 1 11 695 0 5362 0 0 40 5075
0 0 1 0 0 1 7 87 0 468 0 0 131 1516 0 0 4 0 0 1 11 697 0 5361 0 0 62 5075
0 0 0 0 1 1 3 53 0 351 0 40 48 537 0 0 0 0 0 1 3 126 0 848 0 0 62 600
0 0 1 0 1 2 5 182 0 992 0 48 295 2723 0 0 1 0 1 2 4 170 0 931 0 54 328 2953
0 0 0 0 0 1 2 129 0 935 0 4 40 271 0 0 0 0 0 1 2 46 0 397 0 0 76 240
0 0 0 0 0 0 0 0 0 0 0 0 0 0 0 0 0 0 0 0 0 0 0 0 0 0 0 0
0 0 0 0 0 0 1 2 0 8 0 0 1 40 0 0 0 0 0 0 0 0 0 0 0 0 0 0
0 0 0 0 1 1 1 15 0 59 0 40 153 161 0 0 0 0 0 0 0 5 0 50 0 0 0 0
0 0 0 0 0 1 1 13 0 59 0 0 153 161 0 0 0 0 0 0 1 6 0 51 0 0 0 64
0 0 0 0 0 1 1 3 0 13 0 0 40 44 0 0 0 0 0 0 0 4 0 31 0 0 0 47
0 0 0 0 0 1 1 4 0 15 0 0 40 44 0 0 0 0 0 0 1 4 0 31 0 0 0 75
0 0 0 0 0 1 1 12 0 80 0 0 40 86 0 0 0 0 0 0 0 1 0 10 0 0 0 24
0 0 0 0 0 1 1 11 0 80 0 0 40 73 0 0 0 0 0 0 0 0 0 0 0 0 0 0
