0 0 0 0 0 0 1 7 0 36 0 0 2 171 0 0 0 0 0 0 0 0 0 6 0 0 0 0
0 0 0 0 0 1 1 7 0 29 0 4 40 84 0 0 0 0 0 0 1 2 0 12 0 0 1 49
0 0 0 0 1 1 1 69 0 190 10 104 684 684 0 0 0 0 0 0 0 1 0 10 0 0 0 32
0 0 0 1 1 1 1 79 0 205 40 248 684 684 0 0 0 0 0 0 0 1 0 10 0 0 0 0
0 0 0 0 1 1 1 32 0 126 0 40 198 596 0 0 0 0 0 0 0 1 0 10 0 0 0 0
0 0 0 0 1 1 1 31 0 103 0 198 198 200 0 0 0 0 0 0 0 0 0 5 0 0 0 0
0 0 0 0 0 1 1 13 0 49 0 0 198 198 0 0 0 0 0 0 0 0 0 5 0 0 0 0
0 0 0 0 0 0 0 3 0 25 0 0 0 0 0 0 0 0 0 0 0 0 0 0 0 0 0 0
0 0 0 0 0 1 1 5 0 26 0 0 40 46 0 0 0 0 0 0 0 0 0 0 0 0 0 0
0 0 0 0 1 1 1 52 0 312 0 40 85 285 0 0 0 0 0 0 0 0 0 0 0 0 0 0
0 0 0 0 1 1 2 65 0 317 0 44 205 462 0 0 0 0 0 0 0 0 0 5 0 0 0 0
0 0 0 0 1 1 1 39 0 183 0 40 85 443 0 0 0 0 0 0 0 0 0 5 0 0 0 0
0 0 0 0 0 1 1 29 0 173 0 0 79 178 0 0 0 0 0 0 0 0 0 0 0 0 0 0
0 0 0 0 0 0 1 5 0 28 0 0 3 78 0 0 0 0 0 0 0 0 0 5 0 0 0 0
0 0 0 0 0 1 1 6 0 28 0 0 40 72 0 0 0 0 0 0 0 0 0 5 0 0 0 0
0 0 0 0 1 1 1 13 0 39 0 40 80 180 0 0 0 0 0 0 0 1 0 10 0 0 0 32
0 0 0 0 1 1 1 8 0 30 0 40 41 91 0 0 0 0 0 0 0 1 0 10 0 0 0 32
0 0 0 0 1 1 1 16 0 46 0 40 160 161 0 0 0 0 0 0 0 0 0 0 0 0 0 0
0 0 0 0 1 1 1 36 0 119 0 160 162 297 0 0 0 0 0 0 0 0 0 0 0 0 0 0
0 0 0 0 0 1 1 24 0 114 0 0 79 297 0 0 0 0 0 0 0 0 0 0 0 0 0 0
0 0 0 0 0 0 0 6 0 35 0 0 0 164 0 0 0 0 0 0 0 0 0 0 0 0 0 0
0 0 0 0 0 1 1 5 0 26 0 0 40 40 0 0 0 0 0 0 0 0 0 0 0 0 0 0
0 0 0 0 1 1 1 9 0 30 0 40 41 78 0 0 0 0 0 0 0 0 0 0 0 0 0 0
0 0 0 0 1 1 1 9 0 30 0 40 41 78 0 0 0 0 0 0 0 0 0 0 0 0 0 0
0 0 1 0 1 3 4 115 0 479 0 65 248 1754 0 0 1 0 1 5 5 180 0 889 0 40 393 4112
0 0 1 0 1 3 4 117 0 479 0 186 248 1754 0 0 1 0 1 5 5 180 0 889 0 40 393 4112
0 0 0 0 0 1 1 6 0 27 0 0 40 40 0 0 0 0 0 1 1 6 0 23 0 0 79 99
0 0 0 0 0 1 1 6 0 27 0 0 40 40 0 0 0 0 0 1 1 6 0 23 0 0 79 99
0 0 0 0 1 1 1 8 0 29 0 40 40 84 0 0 0 0 0 0 0 1 0 10 0 0 0 32
0 0 0 0 1 1 1 9 0 30 0 40 40 85 0 0 0 0 0 0 0 1 0 10 0 0 0 32
0 0 0 0 1 1 1 10 0 37 0 40 40 172 0 0 0 0 0 0 0 0 0 0 0 0 0 0
0 0 0 0 0 1 1 6 0 27 0 0 40 40 0 0 0 0 0 0 0 0 0 0 0 0 0 0
0 0 0 0 0 0 0 4 0 27 0 0 0 59 0 0 0 0 0 0 0 0 0 0 0 0 0 0
0 0 0 0 0 0 0 4 0 27 0 0 0 59 0 0 0 0 0 0 0 0 0 0 0 0 0 0
0 0 0 0 0 0 0 3 0 25 0 0 0 0 0 0 0 0 0 0 0 0 0 0 0 0 0 0
0 0 0 0 0 1 1 10 0 38 0 4 43 184 0 0 0 0 0 0 0 0 0 0 0 0 0 0
0 0 0 0 1 1 2 11 0 39 0 40 81 178 0 0 0 0 0 0 0 0 0 0 0 0 0 0
0 0 0 0 1 1 1 15 0 45 0 40 160 187 0 0 0 0 0 0 0 0 0 0 0 0 0 0
0 0 0 0 1 1 1 16 0 46 0 40 160 161 0 0 0 0 0 0 0 0 0 0 0 0 0 0
0 0 0 0 0 0 1 8 0 38 0 0 8 161 0 0 0 0 0 0 0 0 0 0 0 0 0 0
0 0 0 0 0 0 0 6 0 35 0 0 0 164 0 0 0 0 0 0 0 0 0 0 0 0 0 0
0 0 0 0 0 1 1 6 0 27 0 4 40 46 0 0 0 0 0 0 0 0 0 0 0 0 0 0
0 0 0 0 1 1 1 11 0 31 0 40 49 90 0 0 0 0 0 0 0 1 0 10 0 0 0 32
0 0 0 0 1 1 1 8 0 30 0 40 41 90 0 0 0 0 0 0 0 1 0 10 0 0 0 32
0 0 0 0 0 1 1 7 0 36 0 0 40 169 0 0 0 0 0 0 0 0 0 0 0 0 0 0
0 0 0 0 1 1 1 20 0 59 0 55 198 199 0 0 0 0 0 0 0 0 0 0 0 0 0 0
0 0 0 0 0 1 1 13 0 49 0 0 198 198 0 0 0 0 0 0 0 0 0 0 0 0 0 0
0 0 0 0 0 0 0 4 0 26 0 0 0 32 0 0 0 0 0 0 0 0 0 0 0 0 0 0
0 0 0 0 0 0 0 4 0 26 0 0 0 32 0 0 0 0 0 0 0 0 0 0 0 0 0 0
0 0 0 0 0 1 1 6 0 27 0 0 40 40 0 0 0 0 0 0 0 0 0 0 0 0 0 0
0 0 0 0 1 1 1 12 0 37 0 40 40 171 0 0 0 0 0 0 0 0 0 0 0 0 0 0
0 0 0 0 1 1 1 39 0 183 0 40 85 443 0 0 0 0 0 0 0 0 0 0 0 0 0 0
0 0 0 0 0 1 1 37 0 183 0 7 85 443 0 0 0 0 0 0 0 0 0 0 0 0 0 0
0 0 0 0 0 0 0 4 0 27 0 0 0 59 0 0 0 0 0 0 0 0 0 0 0 0 0 0
0 0 0 0 0 0 1 4 0 26 0 0 1 46 0 0 0 0 0 0 0 2 0 22 0 0 0 0
0 0 0 0 1 1 1 10 0 37 0 40 48 172 0 0 0 0 0 0 0 2 0 22 0 0 0 0
0 0 0 0 1 1 1 10 0 31 0 40 49 91 0 0 0 0 0 0 1 5 0 30 0 0 1 67
0 0 0 0 1 1 1 8 0 30 0 40 41 91 0 0 0 0 0 0 1 5 0 30 0 0 1 67
0 0 0 0 1 1 1 21 0 61 0 81 161 192 0 0 0 0 0 0 0 0 0 0 0 0 0 0
0 0 0 0 1 1 2 35 0 121 0 160 166 310 0 0 0 0 0 0 0 0 0 0 0 0 0 0
0 0 0 0 0 0 1 21 0 112 0 0 9 259 0 0 0 0 0 0 0 0 0 0 0 0 0 0
0 0 0 0 0 0 1 4 0 26 0 0 1 46 0 0 0 0 0 0 0 0 0 0 0 0 0 0
0 0 0 0 1 1 1 8 0 29 0 40 40 67 0 0 0 0 0 0 0 0 0 0 0 0 0 0
0 0 0 0 1 1 1 9 0 30 0 40 41 78 0 0 0 0 0 0 0 0 0 0 0 0 0 0
0 0 0 0 0 0 1 5 0 27 0 0 1 72 0 0 0 0 0 0 0 0 0 0 0 0 0 0
0 0 0 0 0 0 0 6 0 35 0 0 0 164 0 0 0 0 0 0 0 0 0 0 0 0 0 0
0 0 1 0 0 0 0 48 0 349 0 0 0 164 0 0 0 0 0 0 0 0 0 0 0 0 0 0
0 0 1 0 0 0 1 49 0 349 0 0 1 171 0 0 0 0 0 0 0 3 0 28 0 0 0 0
0 0 0 0 1 1 3 64 0 357 0 40 66 646 0 0 1 0 0 0 1 84 0 611 0 0 2 192
0 0 0 0 1 1 3 65 0 357 0 40 85 646 0 0 1 0 0 0 0 80 0 611 0 0 0 42
0 0 0 0 1 1 1 15 0 41 0 43 94 183 0 0 0 0 0 0 0 1 0 10 0 0 0 32
0 0 0 0 1 1 1 10 0 33 0 40 72 107 0 0 0 0 0 0 0 1 0 10 0 0 0 32
0 0 0 0 0 0 0 4 0 27 0 0 0 59 0 0 0 0 0 0 0 0 0 0 0 0 0 0
0 0 0 0 0 0 0 4 0 27 0 0 0 59 0 0 0 0 0 0 0 0 0 0 0 0 0 0
0 0 0 0 0 0 1 4 0 26 0 0 1 40 0 0 0 0 0 0 0 0 0 0 0 0 0 0
0 0 0 0 0 1 1 10 0 37 0 4 49 177 0 0 0 0 0 0 0 0 0 0 0 0 0 0
0 0 0 0 1 1 1 11 0 34 0 40 49 138 0 0 0 0 0 0 0 0 0 0 0 0 0 0
0 0 0 0 1 1 1 9 0 33 0 40 40 132 0 0 0 0 0 0 0 0 0 0 0 0 0 0
0 0 0 0 0 1 1 14 0 46 0 4 160 161 0 0 0 0 0 0 0 0 0 0 0 0 0 0
0 0 0 0 1 1 1 25 0 86 0 106 161 192 0 0 0 0 0 0 0 0 0 0 0 0 0 0
0 0 0 0 0 1 1 18 0 81 0 0 105 200 0 0 0 0 0 0 0 0 0 0 0 0 0 0
0 0 0 0 0 0 1 4 0 26 0 0 1 46 0 0 0 0 0 0 0 0 0 0 0 0 0 0
0 0 0 0 0 1 1 6 0 28 0 0 40 67 0 0 0 0 0 0 0 0 0 0 0 0 0 0
0 0 0 0 1 1 1 11 0 32 0 40 72 91 0 0 0 0 0 0 1 5 0 30 0 0 1 67
0 0 0 0 1 1 1 13 0 39 0 40 80 179 0 0 0 0 0 0 1 5 0 30 0 0 1 67
0 0 0 0 1 1 1 22 0 60 0 83 198 199 0 0 0 0 0 0 0 0 0 0 0 0 0 0
0 0 0 0 0 1 1 15 0 50 0 7 198 198 0 0 0 0 0 0 0 0 0 0 0 0 0 0
0 0 1 0 1 2 2 138 0 937 0 41 201 282 0 0 0 0 1 2 2 90 0 558 0 55 205 320
0 0 1 0 1 2 2 141 0 937 0 54 201 282 0 0 0 0 1 2 2 90 0 558 0 55 205 320
0 0 0 0 1 1 1 8 0 29 0 40 40 72 0 0 0 0 0 0 0 0 0 0 0 0 0 0
0 0 0 0 1 1 1 10 0 36 0 40 40 171 0 0 0 0 0 0 0 0 0 0 0 0 0 0
0 0 0 0 1 1 1 37 0 183 0 40 85 443 0 0 0 0 0 0 0 0 0 0 0 0 0 0
0 0 0 0 0 1 1 37 0 183 0 7 85 443 0 0 0 0 0 0 0 0 0 0 0 0 0 0
0 0 0 0 0 0 0 4 0 27 0 0 0 59 0 0 0 0 0 0 0 0 0 0 0 0 0 0
0 0 0 0 0 0 0 3 0 25 0 0 0 0 0 0 0 0 0 0 0 0 0 0 0 0 0 0
0 0 0 0 0 1 1 8 0 36 0 0 40 171 0 0 0 0 0 0 0 0 0 0 0 0 0 0
0 0 0 0 1 1 1 8 0 29 0 40 40 74 0 0 0 0 0 0 0 0 0 0 0 0 0 0
0 0 0 0 1 1 1 10 0 31 0 40 49 91 0 0 0 0 0 0 0 1 0 10 0 0 0 32
0 0 0 0 1 1 1 13 0 44 0 40 97 192 0 0 0 0 0 0 0 1 0 10 0 0 0 32
0 0 0 0 1 1 2 39 0 128 0 160 201 434 0 0 0 0 0 0 0 0 0 0 0 0 0 0
0 0 0 0 1 1 2 36 0 127 0 81 200 429 0 0 0 0 0 0 0 0 0 0 0 0 0 0
0 0 0 0 0 1 1 6 0 28 0 0 40 72 0 0 0 0 0 0 0 0 0 0 0 0 0 0
0 0 0 0 0 1 1 8 0 31 0 4 41 106 0 0 0 0 0 0 0 0 0 0 0 0 0 0
0 0 0 0 0 1 1 7 0 30 0 0 40 99 0 0 0 0 0 0 0 0 0 0 0 0 0 0
0 0 0 0 0 1 1 6 0 31 0 0 40 40 0 0 0 0 0 0 0 0 0 0 0 0 0 0
0 0 0 0 0 0 1 8 0 39 0 0 1 171 0 0 0 0 0 0 0 0 0 0 0 0 0 0
0 0 0 0 0 0 0 3 0 25 0 0 0 0 0 0 0 0 0 0 0 0 0 0 0 0 0 0
0 0 0 0 0 0 0 3 0 25 0 0 0 0 0 0 0 0 0 0 0 0 0 0 0 0 0 0
0 0 0 0 0 1 1 6 0 27 0 0 40 40 0 0 0 0 0 0 0 0 0 0 0 0 0 0
0 0 0 0 1 1 1 8 0 32 0 40 40 40 0 0 0 0 0 0 0 0 0 0 0 0 0 0
0 0 0 0 0 1 1 10 0 40 0 4 40 172 0 0 0 0 0 0 0 0 0 0 0 0 0 0
0 0 0 0 0 1 1 7 0 29 0 0 40 85 0 0 0 0 0 0 0 1 0 10 0 0 0 32
0 0 0 0 0 1 1 6 0 29 0 0 41 90 0 0 0 0 0 0 0 1 0 10 0 0 0 32
0 0 0 0 0 0 0 4 0 27 0 0 0 59 0 0 0 0 0 0 0 0 0 0 0 0 0 0
0 0 0 0 0 0 0 4 0 26 0 0 0 32 0 0 0 0 0 0 0 0 0 0 0 0 0 0
0 0 0 0 1 1 4 62 0 306 0 40 186 794 0 0 0 0 0 1 3 89 0 631 0 0 40 280
0 0 0 0 1 1 4 63 0 305 0 40 154 791 0 0 0 0 0 1 3 89 0 631 0 0 40 280
0 0 0 0 1 1 1 10 0 33 0 40 40 134 0 0 0 0 0 0 0 3 0 16 0 0 0 64
0 0 0 0 0 1 1 6 0 27 0 0 40 40 0 0 0 0 0 0 0 3 0 16 0 0 0 64
0 0 0 0 0 1 1 14 0 46 0 0 160 161 0 0 0 0 0 0 0 0 0 0 0 0 0 0
0 0 0 0 0 1 1 17 0 52 0 16 161 192 0 0 0 0 0 0 0 0 0 0 0 0 0 0
0 0 0 0 0 1 1 5 0 26 0 0 40 40 0 0 0 0 0 0 0 0 0 0 0 0 0 0
0 0 0 0 1 1 1 7 0 28 0 40 40 66 0 0 0 0 0 0 0 0 0 0 0 0 0 0
0 0 0 0 1 1 1 9 0 29 0 40 40 66 0 0 0 0 0 0 0 4 0 32 0 0 0 0
0 0 0 0 1 1 1 11 0 37 0 40 40 169 0 0 0 0 0 0 0 8 0 45 0 0 0 205
0 0 0 0 1 1 1 24 0 60 0 104 198 199 0 0 0 0 0 0 1 6 0 34 0 0 1 67
0 0 0 0 0 1 1 15 0 50 0 4 198 198 0 0 0 0 0 0 0 1 0 10 0 0 0 32
0 0 0 0 0 0 1 4 0 26 0 0 1 40 0 0 0 0 0 0 0 0 0 0 0 0 0 0
0 0 0 0 0 1 1 6 0 27 0 4 40 40 0 0 0 0 0 0 0 0 0 0 0 0 0 0
0 0 0 0 0 1 1 6 0 27 0 4 40 40 0 0 0 0 0 0 0 0 0 0 0 0 0 0
0 0 0 0 1 1 1 10 0 36 0 40 40 171 0 0 0 0 0 0 0 0 0 0 0 0 0 0
0 0 0 0 1 1 1 38 0 183 0 40 85 443 0 0 0 0 0 0 0 0 0 0 0 0 0 0
0 0 0 0 0 1 1 37 0 183 0 7 85 443 0 0 0 0 0 0 0 0 0 0 0 0 0 0
0 0 0 0 0 0 0 4 0 27 0 0 0 59 0 0 0 0 0 0 0 0 0 0 0 0 0 0
0 0 0 0 0 0 0 4 0 26 0 0 0 32 0 0 0 0 0 0 0 0 0 0 0 0 0 0
0 0 0 0 0 1 1 10 0 40 0 4 40 171 0 0 0 0 0 0 0 0 0 0 0 0 0 0
0 0 0 0 1 1 1 8 0 32 0 40 40 40 0 0 0 0 0 0 0 0 0 0 0 0 0 0
0 0 0 0 0 1 1 6 0 31 0 0 40 40 0 0 0 0 0 0 0 0 0 0 0 0 0 0
0 0 0 0 0 1 1 6 0 33 0 0 40 84 0 0 0 0 0 0 0 1 0 10 0 0 0 32
0 0 0 0 1 1 1 37 0 136 0 100 162 297 0 0 0 0 0 0 0 1 0 10 0 0 0 32
0 0 0 0 1 1 1 38 0 138 0 160 200 297 0 0 0 0 0 0 0 0 0 0 0 0 0 0
0 0 0 0 0 0 0 4 0 26 0 0 0 32 0 0 0 0 0 0 0 0 0 0 0 0 0 0
0 0 0 0 0 1 1 6 0 28 0 0 40 66 0 0 0 0 0 0 0 0 0 0 0 0 0 0
0 0 0 0 1 1 1 9 0 29 0 40 40 67 0 0 0 0 0 0 0 0 0 0 0 0 0 0
0 0 0 0 1 1 1 7 0 27 0 40 40 46 0 0 0 0 0 0 0 0 0 0 0 0 0 0
0 0 0 0 0 0 1 7 0 36 0 0 1 171 0 0 0 0 0 0 0 0 0 0 0 0 0 0
0 0 0 0 0 0 0 3 0 25 0 0 0 0 0 0 0 0 0 0 0 0 0 0 0 0 0 0
0 0 0 0 0 0 0 3 0 25 0 0 0 0 0 0 0 0 0 0 0 0 0 0 0 0 0 0
0 0 0 0 0 1 1 5 0 26 0 0 40 40 0 0 0 0 0 0 0 0 0 0 0 0 0 0
0 0 0 0 1 1 1 8 0 28 0 40 40 40 0 0 0 0 0 0 0 0 0 0 0 0 0 0
0 0 0 0 1 1 1 11 0 37 0 40 40 171 0 0 0 0 0 0 0 0 0 0 0 0 0 0
0 0 0 0 0 1 1 5 0 26 0 0 40 40 0 0 0 0 0 0 0 0 0 0 0 0 0 0
0 0 0 0 0 1 1 6 0 29 0 0 41 90 0 0 0 0 0 0 0 1 0 10 0 0 0 32
0 0 0 0 1 1 3 64 0 295 0 54 186 1188 0 0 0 0 0 1 3 91 0 631 0 4 53 284
0 0 0 0 0 1 3 62 0 295 0 4 186 1188 0 0 0 0 0 1 3 89 0 631 0 0 40 280
0 0 0 0 1 1 1 13 0 41 0 40 81 191 0 0 0 0 0 0 0 3 0 16 0 0 0 64
0 0 0 0 1 1 1 16 0 45 0 40 81 191 0 0 0 0 0 0 0 3 0 16 0 0 0 64
0 0 0 0 1 1 1 12 0 40 0 40 41 178 0 0 0 0 0 0 0 0 0 0 0 0 0 0
0 0 0 0 0 1 1 5 0 26 0 0 40 40 0 0 0 0 0 0 0 0 0 0 0 0 0 0
0 0 0 0 0 0 0 3 0 25 0 0 0 0 0 0 0 0 0 0 0 0 0 0 0 0 0 0
0 0 0 0 0 1 1 17 0 52 0 16 161 192 0 0 0 0 0 0 0 0 0 0 0 0 0 0
0 0 0 0 1 1 1 15 0 46 0 40 160 161 0 0 0 0 0 0 0 0 0 0 0 0 0 0
0 0 0 0 0 0 1 4 0 26 0 0 1 46 0 0 0 0 0 0 0 0 0 0 0 0 0 0
0 0 0 0 1 1 1 8 0 28 0 40 40 66 0 0 0 0 0 0 0 0 0 0 0 0 0 0
0 0 0 0 1 1 1 12 0 37 0 40 41 175 0 0 0 0 0 0 0 0 0 0 0 0 0 0
0 0 0 0 1 1 1 20 0 59 0 55 198 199 0 0 0 0 0 0 0 0 0 0 0 0 0 0
0 0 0 0 0 1 1 15 0 50 0 4 198 198 0 0 0 0 0 0 0 1 0 10 0 0 0 32
0 0 0 0 0 1 1 7 0 29 0 4 40 84 0 0 0 0 0 0 0 1 0 10 0 0 0 32
0 0 0 0 1 1 1 7 0 27 0 40 40 40 0 0 0 0 0 0 0 0 0 0 0 0 0 0
0 0 0 0 0 1 1 6 0 27 0 4 40 40 0 0 0 0 0 0 0 0 0 0 0 0 0 0
0 0 0 0 0 1 1 9 0 36 0 4 40 171 0 0 0 0 0 0 0 0 0 0 0 0 0 0
0 0 0 0 0 1 1 15 0 69 0 4 71 176 0 0 0 0 0 0 0 0 0 0 0 0 0 0
0 0 0 0 1 1 1 40 0 183 0 71 85 443 0 0 0 0 0 0 0 0 0 0 0 0 0 0
0 0 0 0 0 1 1 30 0 173 0 4 79 178 0 0 0 0 0 0 0 1 0 11 0 0 0 0
0 0 0 0 0 0 1 4 0 26 0 0 1 40 0 0 0 0 0 0 0 1 0 11 0 0 0 0
0 0 0 0 0 1 1 8 0 36 0 0 40 171 0 0 0 0 0 0 0 0 0 0 0 0 0 0
0 0 0 0 1 1 1 8 0 29 0 40 40 74 0 0 0 0 0 0 0 0 0 0 0 0 0 0
0 0 0 0 0 1 1 7 0 28 0 4 40 74 0 0 0 0 0 0 0 0 0 0 0 0 0 0
0 0 0 0 0 0 0 3 0 25 0 0 0 0 0 0 0 0 0 0 0 0 0 0 0 0 0 0
0 0 0 0 0 1 1 24 0 114 0 0 79 297 0 0 0 0 0 0 0 0 0 0 0 0 0 0
0 0 0 0 1 2 2 86 0 288 0 164 340 810 0 0 0 0 0 0 0 1 0 10 0 0 0 32
0 0 0 0 1 1 1 64 0 269 0 160 162 655 0 0 0 0 0 0 0 1 0 10 0 0 0 32
0 0 0 0 1 1 1 8 0 28 0 40 40 66 0 0 0 0 0 0 0 0 0 0 0 0 0 0
0 0 0 0 1 1 1 7 0 28 0 40 40 66 0 0 0 0 0 0 0 0 0 0 0 0 0 0
0 0 0 0 0 1 1 6 0 27 0 0 40 40 0 0 0 0 0 0 0 0 0 0 0 0 0 0
0 0 0 0 0 0 1 7 0 36 0 0 1 171 0 0 0 0 0 0 0 0 0 0 0 0 0 0
0 0 0 0 0 0 1 5 0 28 0 0 3 71 0 0 0 0 0 0 0 0 0 0 0 0 0 0
0 0 0 0 0 1 1 6 0 28 0 0 41 71 0 0 0 0 0 0 0 0 0 0 0 0 0 0
0 0 0 0 0 0 1 4 0 26 0 0 1 40 0 0 0 0 0 0 0 0 0 0 0 0 0 0
0 0 0 0 0 1 1 6 0 27 0 0 40 48 0 0 0 0 0 0 0 0 0 0 0 0 0 0
0 0 0 0 1 1 1 10 0 37 0 40 48 172 0 0 0 0 0 0 0 0 0 0 0 0 0 0
0 0 0 0 0 1 1 5 0 26 0 0 40 40 0 0 0 0 0 0 0 0 0 0 0 0 0 0
0 0 0 0 0 0 0 4 0 27 0 0 0 59 0 0 0 0 0 0 0 0 0 0 0 0 0 0
0 0 0 0 0 1 1 6 0 29 0 0 41 90 0 0 0 0 0 0 0 1 0 10 0 0 0 32
0 0 0 0 0 1 1 6 0 29 0 0 40 84 0 0 0 0 0 0 0 1 0 10 0 0 0 32
0 0 0 0 1 1 1 11 0 37 0 40 41 177 0 0 0 0 0 0 0 0 0 0 0 0 0 0
0 0 0 0 1 1 1 11 0 34 0 40 41 138 0 0 0 0 0 0 0 0 0 0 0 0 0 0
0 0 0 0 1 1 1 9 0 33 0 40 40 132 0 0 0 0 0 0 0 0 0 0 0 0 0 0
0 0 0 0 0 0 0 4 0 26 0 0 0 32 0 0 0 0 0 0 0 0 0 0 0 0 0 0
0 0 0 0 0 0 0 3 0 25 0 0 0 0 0 0 0 0 0 0 0 0 0 0 0 0 0 0
0 0 0 0 0 1 1 17 0 61 0 0 161 192 0 0 0 0 0 0 0 0 0 0 0 0 0 0
0 0 0 0 0 1 1 14 0 57 0 0 160 161 0 0 0 0 0 0 0 0 0 0 0 0 0 0
0 0 0 0 0 1 1 6 0 28 0 0 40 66 0 0 0 0 0 0 0 0 0 0 0 0 0 0
0 0 0 0 1 1 1 8 0 28 0 40 40 67 0 0 0 0 0 0 0 0 0 0 0 0 0 0
0 0 0 0 1 1 1 10 0 37 0 40 48 171 0 0 0 0 0 0 0 0 0 0 0 0 0 0
0 0 0 0 1 1 1 66 0 187 0 198 684 684 0 0 0 0 0 0 0 0 0 0 0 0 0 0
0 0 0 0 1 1 1 81 0 217 0 248 684 684 0 0 0 0 0 0 0 0 0 0 0 0 0 0
0 0 0 0 1 1 1 40 0 150 0 40 224 684 0 0 0 0 0 0 0 1 0 10 0 0 0 32
0 0 0 0 1 1 1 19 0 91 0 40 42 180 0 0 0 0 0 0 0 1 0 10 0 0 0 32
0 0 1 0 1 2 3 120 0 551 0 54 242 2139 0 0 0 0 1 2 3 91 0 558 0 59 201 307
0 0 1 0 1 2 3 123 0 551 0 92 242 2139 0 0 0 0 1 2 3 91 0 558 0 59 201 307
0 0 0 0 0 0 1 4 0 26 0 0 1 40 0 0 0 0 0 0 0 0 0 0 0 0 0 0
0 0 0 0 0 1 1 37 0 183 0 7 85 443 0 0 0 0 0 0 0 0 0 0 0 0 0 0
0 0 0 0 0 1 1 37 0 183 0 7 85 443 0 0 0 0 0 0 0 0 0 0 0 0 0 0
0 0 0 0 0 0 0 4 0 27 0 0 0 65 0 0 0 0 0 0 0 0 0 0 0 0 0 0
0 0 0 0 0 1 1 10 0 37 0 4 49 178 0 0 0 0 0 0 0 0 0 0 0 0 0 0
0 0 0 0 1 1 1 7 0 28 0 40 40 48 0 0 0 0 0 0 0 0 0 0 0 0 0 0
0 0 0 0 0 1 1 5 0 26 0 0 40 46 0 0 0 0 0 0 0 0 0 0 0 0 0 0
0 0 0 0 0 0 0 3 0 25 0 0 0 0 0 0 0 0 0 0 0 0 0 0 0 0 0 0
0 0 0 0 0 0 0 8 0 47 0 0 0 164 0 0 0 0 0 0 0 0 0 0 0 0 0 0
0 0 0 0 0 1 1 28 0 117 0 7 200 297 0 0 0 0 0 0 0 0 0 0 0 0 0 0
0 0 0 0 1 1 1 35 0 114 0 100 162 200 0 0 0 0 0 0 0 1 0 10 0 0 0 32
0 0 0 0 1 1 1 20 0 50 0 74 160 192 0 0 0 0 0 0 0 1 0 10 0 0 0 32
0 0 0 0 1 1 1 7 0 28 0 40 40 66 0 0 0 0 0 0 0 0 0 0 0 0 0 0
0 0 0 0 1 1 1 63 0 420 0 40 44 185 0 0 1 0 0 0 4 78 0 524 0 0 0 555
0 0 0 0 0 1 1 64 0 421 0 0 125 200 0 0 1 0 0 0 4 78 0 524 0 0 0 555
0 0 0 0 0 0 0 3 0 25 0 0 0 0 0 0 0 0 0 0 0 0 0 0 0 0 0 0
0 0 0 0 0 0 1 4 0 26 0 0 1 40 0 0 0 0 0 0 0 0 0 0 0 0 0 0
0 0 0 0 0 1 1 5 0 26 0 0 40 40 0 0 0 0 0 0 0 0 0 0 0 0 0 0
0 0 0 0 0 1 1 6 0 27 0 0 40 40 0 0 0 0 0 0 0 0 0 0 0 0 0 0
0 0 0 0 1 1 1 11 0 37 0 40 40 171 0 0 0 0 0 0 0 0 0 0 0 0 0 0
0 0 0 0 0 1 1 6 0 27 0 0 40 40 0 0 0 0 0 0 0 0 0 0 0 0 0 0
0 0 0 0 0 0 0 4 0 27 0 0 0 59 0 0 0 0 0 0 0 0 0 0 0 0 0 0
0 0 0 0 0 1 1 5 0 27 0 0 40 66 0 0 0 0 0 0 1 5 0 29 0 0 0 134
0 0 0 0 0 1 1 6 0 27 0 4 40 46 0 0 0 0 0 0 1 5 0 29 0 0 0 134
0 0 0 0 1 1 1 12 0 39 0 40 74 180 0 0 0 0 0 0 1 3 0 15 0 0 1 67
0 0 0 0 1 1 1 12 0 35 0 40 74 142 0 0 0 0 0 0 1 3 0 15 0 0 1 67
0 0 0 0 1 1 1 9 0 33 0 40 40 132 0 0 0 0 0 0 0 0 0 0 0 0 0 0
0 0 0 0 0 1 1 5 0 26 0 0 40 40 0 0 0 0 0 0 0 0 0 0 0 0 0 0
0 0 0 0 0 0 0 3 0 25 0 0 0 0 0 0 0 0 0 0 0 0 0 0 0 0 0 0
0 0 0 0 0 0 0 6 0 35 0 0 0 164 0 0 0 0 0 0 0 0 0 0 0 0 0 0
0 0 0 0 1 1 1 18 0 52 0 44 161 192 0 0 0 0 0 0 0 0 0 0 0 0 0 0
0 0 0 0 1 1 1 21 0 52 0 72 161 192 0 0 0 0 0 0 0 0 0 0 0 0 0 0
0 0 0 0 0 1 1 7 0 28 0 4 40 66 0 0 0 0 0 0 0 0 0 0 0 0 0 0
0 0 0 0 0 0 1 7 0 35 0 0 1 169 0 0 0 0 0 0 0 0 0 0 0 0 0 0
0 0 0 0 0 1 1 19 0 69 0 0 198 199 0 0 0 0 0 0 0 0 0 0 0 0 0 0
0 0 0 0 0 0 1 13 0 61 0 0 9 198 0 0 0 0 0 0 0 0 0 0 0 0 0 0
0 0 0 0 0 0 0 3 0 25 0 0 0 0 0 0 0 0 0 0 0 0 0 0 0 0 0 0
0 0 0 0 1 1 1 8 0 29 0 40 40 84 0 0 0 0 0 0 0 1 0 10 0 0 0 32
0 0 0 0 1 1 1 11 0 30 0 40 40 84 0 0 0 0 0 0 0 1 0 10 0 0 0 32
0 0 0 0 1 1 1 10 0 36 0 40 40 171 0 0 0 0 0 0 0 0 0 0 0 0 0 0
0 0 0 0 0 0 0 4 0 26 0 0 0 32 0 0 0 0 0 0 0 0 0 0 0 0 0 0
0 0 0 0 0 1 1 37 0 183 0 7 85 443 0 0 0 0 0 0 0 0 0 0 0 0 0 0
0 0 0 0 0 1 1 37 0 183 0 7 85 443 0 0 0 0 0 0 0 0 0 0 0 0 0 0
0 0 0 0 0 1 1 5 0 26 0 0 40 40 0 0 0 0 0 0 0 0 0 0 0 0 0 0
0 0 0 0 1 1 1 10 0 36 0 40 40 171 0 0 0 0 0 0 0 0 0 0 0 0 0 0
0 0 0 0 1 1 1 10 0 33 0 40 78 110 0 0 0 0 0 0 0 0 0 0 0 0 0 0
0 0 0 0 1 1 1 10 0 33 0 40 78 110 0 0 0 0 0 0 0 0 0 0 0 0 0 0
0 0 0 0 0 0 1 4 0 26 0 0 1 40 0 0 0 0 0 0 0 0 0 0 0 0 0 0
0 0 0 0 0 0 0 3 0 25 0 0 0 0 0 0 0 0 0 0 0 0 0 0 0 0 0 0
0 0 0 0 0 1 1 28 0 117 0 7 200 297 0 0 0 0 0 0 0 0 0 0 0 0 0 0
0 0 0 0 1 1 1 35 0 118 0 81 162 297 0 0 0 0 0 0 0 0 0 0 0 0 0 0
0 0 0 0 1 1 1 21 0 48 0 74 160 161 0 0 0 0 0 0 0 1 0 10 0 0 0 32
0 0 0 0 1 1 1 13 0 36 0 40 73 148 0 0 0 0 0 0 0 1 0 10 0 0 0 32
0 0 0 0 1 1 2 19 0 81 0 40 47 199 0 0 0 0 0 0 2 14 0 77 0 0 4 174
0 0 1 0 2 3 7 117 0 482 0 195 446 1698 1 0 5 0 3 3 8 1102 0 7998 0 215 575 1271
1 0 5 0 0 7 10 192 0 841 0 11 515 2983 2 0 13 0 0 5 37 3120 0 17414 0 39 621 51520
0 0 5 0 1 2 6 170 0 834 0 48 222 3050 1 0 12 0 0 2 5 2161 0 15616 0 0 447 5542
0 0 0 0 1 1 2 80 0 463 0 48 115 564 0 0 1 0 0 1 4 129 0 850 0 0 71 624
0 0 0 0 0 1 1 6 0 27 0 4 40 46 0 0 0 0 0 0 0 0 0 0 0 0 0 0
0 0 0 0 0 1 1 8 0 36 0 0 40 171 0 0 0 0 0 0 0 0 0 0 0 0 0 0
0 0 0 0 0 0 1 5 0 27 0 0 1 65 0 0 0 0 0 0 0 0 0 0 0 0 0 0
0 0 0 0 0 1 1 6 0 29 0 0 71 71 0 0 0 0 0 0 0 0 0 0 0 0 0 0
0 0 0 0 0 0 1 5 0 28 0 0 3 71 0 0 0 0 0 0 0 0 0 0 0 0 0 0
0 0 0 0 0 0 0 3 0 25 0 0 0 0 0 0 0 0 0 0 0 0 0 0 0 0 0 0
0 0 0 0 1 1 1 10 0 37 0 40 41 177 0 0 0 0 0 0 0 0 0 0 0 0 0 0
0 0 0 0 1 1 1 14 0 42 0 40 41 177 0 0 0 0 0 0 0 1 0 10 0 0 0 32
0 0 0 0 1 1 1 12 0 41 0 40 40 171 0 0 0 0 0 0 0 1 0 10 0 0 0 32
0 0 0 0 0 1 1 5 0 26 0 0 40 40 0 0 0 0 0 0 0 0 0 0 0 0 0 0
0 0 0 0 0 0 0 3 0 25 0 0 0 0 0 0 0 0 0 0 0 0 0 0 0 0 0 0
0 0 0 0 0 0 0 6 0 35 0 0 0 164 0 0 0 0 0 0 0 0 0 0 0 0 0 0
0 0 0 0 1 1 1 8 0 29 0 40 40 73 0 0 0 0 0 0 0 1 0 13 0 0 0 0
0 0 0 1 1 1 1 22 0 48 40 72 160 161 0 0 0 0 0 0 0 1 0 13 0 0 0 0
0 0 0 0 1 1 1 17 0 47 0 43 160 161 0 0 0 0 0 0 0 0 0 0 0 0 0 0
0 0 0 0 0 0 1 7 0 35 0 0 1 169 0 0 0 0 0 0 0 0 0 0 0 0 0 0
0 0 0 0 0 1 1 19 0 59 0 19 198 199 0 0 0 0 0 0 0 0 0 0 0 0 0 0
0 0 0 0 0 1 1 14 0 50 0 0 198 198 0 0 0 0 0 0 0 0 0 0 0 0 0 0
0 0 0 0 0 1 1 6 0 28 0 0 41 71 0 0 0 0 0 0 0 0 0 0 0 0 0 0
0 0 0 0 0 1 1 7 0 29 0 4 41 78 0 0 0 0 0 0 0 0 0 0 0 0 0 0
0 0 0 0 0 1 1 6 0 28 0 0 40 72 0 0 0 0 0 0 0 0 0 0 0 0 0 0
0 0 0 0 1 1 1 12 0 39 0 40 80 180 0 0 0 0 0 0 1 3 0 14 0 0 1 67
0 0 0 0 1 1 1 8 0 30 0 40 41 91 0 0 0 0 0 0 1 3 0 14 0 0 1 67
0 0 0 0 0 1 1 15 0 70 0 0 82 191 0 0 0 0 0 0 0 0 0 0 0 0 0 0
0 0 0 0 0 1 2 37 0 184 0 0 153 443 0 0 0 0 0 0 0 0 0 0 0 0 0 0
0 0 0 0 0 0 1 26 0 173 0 0 1 171 0 0 0 0 0 0 0 0 0 0 0 0 0 0
0 0 0 0 1 1 1 11 0 37 0 40 40 172 0 0 0 0 0 0 0 0 0 0 0 0 0 0
0 0 0 0 1 1 2 54 0 238 0 40 208 566 0 0 0 0 0 0 0 1 0 13 0 0 0 0
0 0 0 0 1 1 2 51 0 239 0 40 208 566 0 0 0 0 0 0 0 1 0 13 0 0 0 0
0 0 0 0 0 0 0 4 0 26 0 0 0 32 0 0 0 0 0 0 0 0 0 0 0 0 0 0
0 0 0 0 0 0 0 3 0 25 0 0 0 0 0 0 0 0 0 0 0 0 0 0 0 0 0 0
0 0 0 0 0 1 1 28 0 117 0 7 200 297 0 0 0 0 0 0 0 0 0 0 0 0 0 0
0 0 0 0 1 1 1 26 0 114 0 40 79 297 0 0 0 0 0 0 0 0 0 0 0 0 0 0
0 0 0 0 1 1 1 22 0 51 0 76 160 161 0 0 0 0 0 0 0 2 0 14 0 0 0 32
0 0 0 0 1 1 2 24 0 53 10 121 160 161 0 0 0 0 0 1 1 4 0 17 0 0 40 67
0 0 0 0 0 1 1 7 0 31 0 0 40 117 0 0 0 0 0 0 0 1 0 10 0 0 0 32
0 0 0 0 0 0 1 7 0 36 0 0 1 171 0 0 0 0 0 0 0 0 0 0 0 0 0 0
0 0 0 0 0 0 1 6 0 29 0 0 3 80 0 0 0 0 0 0 1 4 0 26 0 0 0 85
0 0 0 0 0 1 1 7 0 29 0 0 49 80 0 0 0 0 0 0 1 4 0 26 0 0 0 85
0 0 0 0 0 1 1 6 0 27 0 0 40 46 0 0 0 0 0 0 0 0 0 0 0 0 0 0
0 0 0 0 0 1 1 5 0 26 0 0 40 40 0 0 0 0 0 0 0 0 0 0 0 0 0 0
0 0 0 0 1 1 1 10 0 36 0 40 40 171 0 0 0 0 0 0 0 0 0 0 0 0 0 0
0 0 0 0 0 1 1 6 0 27 0 0 40 40 0 0 0 0 0 0 0 0 0 0 0 0 0 0
0 0 0 0 0 0 0 4 0 27 0 0 0 59 0 0 0 0 0 0 0 0 0 0 0 0 0 0
0 0 0 0 0 0 0 4 0 27 0 0 0 59 0 0 0 0 0 0 0 0 0 0 0 0 0 0
0 0 0 0 0 0 0 4 0 26 0 0 0 32 0 0 0 0 0 0 0 0 0 0 0 0 0 0
0 0 0 0 1 1 1 10 0 37 0 40 41 177 0 0 0 0 0 0 0 0 0 0 0 0 0 0
0 0 0 0 1 1 1 11 0 34 0 40 41 138 0 0 0 0 0 0 0 0 0 0 0 0 0 0
0 0 0 0 1 1 1 12 0 35 0 40 42 142 0 0 0 0 0 0 0 1 0 10 0 0 0 32
0 0 0 0 0 1 1 6 0 29 0 0 40 84 0 0 0 0 0 0 0 1 0 10 0 0 0 32
0 0 0 0 0 0 0 3 0 25 0 0 0 0 0 0 0 0 0 0 0 0 0 0 0 0 0 0
0 0 0 0 0 0 0 6 0 35 0 0 0 164 0 0 0 0 0 0 0 0 0 0 0 0 0 0
0 0 0 0 0 1 1 5 0 26 0 0 40 40 0 0 0 0 0 0 0 0 0 0 0 0 0 0
0 0 0 0 1 1 1 13 0 47 0 40 45 219 0 0 0 0 0 0 0 0 0 0 0 0 0 0
0 0 0 0 1 1 1 18 0 53 0 40 161 219 0 0 0 0 0 0 0 0 0 0 0 0 0 0
0 0 0 0 1 1 1 14 0 46 0 40 161 191 0 0 0 0 0 0 0 0 0 0 0 0 0 0
0 0 1 1 2 4 4 111 0 376 40 200 555 1006 0 0 1 0 1 4 5 232 0 999 0 67 541 3634
0 0 1 0 1 4 4 103 0 377 0 198 555 1006 0 0 1 0 1 4 5 232 0 999 0 67 541 3634
0 0 0 0 0 0 0 3 0 25 0 0 0 0 0 0 0 0 0 0 0 0 0 0 0 0 0 0
0 0 0 0 0 0 1 4 0 26 0 0 1 40 0 0 0 0 0 0 0 0 0 0 0 0 0 0
0 0 0 0 1 1 1 7 0 27 0 40 40 40 0 0 0 0 0 0 0 0 0 0 0 0 0 0
0 0 0 0 1 1 1 11 0 37 0 40 40 172 0 0 0 0 0 0 0 0 0 0 0 0 0 0
0 0 0 0 0 1 1 7 0 29 0 4 40 85 0 0 0 0 0 0 0 1 0 10 0 0 0 32
0 0 0 0 0 1 1 6 0 29 0 0 41 90 0 0 0 0 0 0 0 1 0 10 0 0 0 32
0 0 0 0 0 1 1 37 0 183 0 7 85 443 0 0 0 0 0 0 0 0 0 0 0 0 0 0
0 0 0 0 1 1 1 37 0 183 0 40 85 443 0 0 0 0 0 0 0 0 0 0 0 0 0 0
0 0 0 0 1 1 1 11 0 40 0 40 40 173 0 0 0 0 0 0 0 0 0 0 0 0 0 0
0 0 0 0 1 2 3 37 0 156 0 40 87 545 0 0 0 0 0 0 3 117 0 834 0 0 11 294
0 0 0 0 1 1 3 39 0 157 0 40 201 543 0 0 0 0 0 0 3 117 0 834 0 0 11 294
0 0 0 0 0 1 1 8 0 39 0 0 40 171 0 0 0 0 0 0 0 0 0 0 0 0 0 0
0 0 0 0 0 0 0 3 0 25 0 0 0 0 0 0 0 0 0 0 0 0 0 0 0 0 0 0
0 0 0 0 0 1 1 14 0 59 0 0 79 259 0 0 0 0 0 0 0 0 0 0 0 0 0 0
0 0 0 0 1 1 2 26 0 116 0 40 82 310 0 0 0 0 0 0 0 0 0 0 0 0 0 0
0 0 0 0 1 1 1 21 0 108 0 40 41 176 0 0 0 0 0 0 0 0 0 0 0 0 0 0
0 0 0 0 1 1 1 19 0 49 0 43 161 192 0 0 0 0 0 0 0 0 0 0 0 0 0 0
0 0 0 0 1 1 1 17 0 49 0 40 161 192 0 0 0 0 0 0 0 0 0 0 0 0 0 0
0 0 0 0 0 1 1 8 0 37 0 0 42 180 0 0 0 0 0 0 0 1 0 10 0 0 0 32
0 0 0 0 0 0 1 5 0 28 0 0 1 84 0 0 0 0 0 0 0 1 0 10 0 0 0 32
0 0 0 0 0 0 1 4 0 26 0 0 1 40 0 0 0 0 0 0 0 0 0 0 0 0 0 0
0 0 0 0 0 1 1 6 0 27 0 4 40 40 0 0 0 0 0 0 0 0 0 0 0 0 0 0
0 0 0 0 1 1 1 7 0 27 0 40 40 40 0 0 0 0 0 0 0 0 0 0 0 0 0 0
0 0 0 0 1 1 1 10 0 36 0 40 40 171 0 0 0 0 0 0 0 0 0 0 0 0 0 0
0 0 0 0 0 0 1 4 0 26 0 0 1 40 0 0 0 0 0 0 0 0 0 0 0 0 0 0
0 0 0 0 0 0 0 4 0 27 0 0 0 59 0 0 0 0 0 0 0 0 0 0 0 0 0 0
0 0 0 0 0 0 0 4 0 27 0 0 0 59 0 0 0 0 0 0 0 0 0 0 0 0 0 0
0 0 0 0 0 1 1 5 0 26 0 0 40 40 0 0 0 0 0 0 0 0 0 0 0 0 0 0
0 0 0 0 1 1 1 13 0 38 0 40 41 177 0 0 0 0 0 0 0 0 0 0 0 0 0 0
0 0 0 0 1 1 1 10 0 34 0 40 41 138 0 0 0 0 0 0 0 0 0 0 0 0 0 0
0 0 0 0 0 1 1 7 0 32 0 0 40 132 0 0 0 0 0 0 0 0 0 0 0 0 0 0
0 0 0 0 0 1 1 6 0 29 0 0 40 84 0 0 0 0 0 0 0 1 0 10 0 0 0 32
0 0 0 0 0 0 1 5 0 28 0 0 1 84 0 0 0 0 0 0 0 1 0 10 0 0 0 32
0 0 0 0 0 0 0 6 0 35 0 0 0 164 0 0 0 0 0 0 0 0 0 0 0 0 0 0
0 0 0 0 0 1 1 23 0 111 0 0 47 308 0 0 0 0 0 0 0 15 0 84 0 0 0 272
0 0 0 0 1 1 1 27 0 111 0 40 100 308 0 0 0 0 0 0 0 15 0 84 0 0 0 272
0 0 0 0 1 1 1 21 0 48 0 74 160 161 0 0 0 0 0 0 0 0 0 0 0 0 0 0
0 0 0 0 1 1 1 20 0 52 0 59 161 191 0 0 0 0 0 0 0 0 0 0 0 0 0 0
0 0 0 0 0 1 1 19 0 69 0 0 198 199 0 0 0 0 0 0 0 0 0 0 0 0 0 0
0 0 1 0 1 2 2 73 0 406 0 44 205 388 0 0 0 0 0 1 2 85 0 584 0 0 57 327
0 0 1 0 0 1 2 63 0 404 0 0 85 318 0 0 0 0 0 1 2 85 0 584 0 0 57 327
0 0 0 0 0 1 1 6 0 27 0 4 40 40 0 0 0 0 0 0 0 0 0 0 0 0 0 0
0 0 0 0 1 1 1 9 0 28 0 40 40 40 0 0 0 0 0 0 0 0 0 0 0 0 0 0
0 0 0 0 1 1 1 10 0 36 0 40 40 171 0 0 0 0 0 0 0 0 0 0 0 0 0 0
0 0 0 0 0 0 0 4 0 26 0 0 0 32 0 0 0 0 0 0 0 0 0 0 0 0 0 0
0 0 0 0 0 1 1 9 0 34 0 0 72 134 0 0 0 0 0 0 0 1 0 10 0 0 0 32
0 0 0 0 1 1 2 42 0 184 0 79 145 443 0 0 0 0 0 0 0 1 0 10 0 0 0 32
0 0 0 0 0 1 1 37 0 183 0 4 85 443 0 0 0 0 0 0 0 0 0 0 0 0 0 0
0 0 0 0 1 1 1 10 0 37 0 40 40 172 0 0 0 0 0 0 0 0 0 0 0 0 0 0
0 0 0 0 1 1 1 8 0 28 0 40 40 46 0 0 0 0 0 0 0 0 0 0 0 0 0 0
0 0 0 0 0 1 1 5 0 26 0 0 40 40 0 0 0 0 0 0 0 0 0 0 0 0 0 0
0 0 0 0 0 0 0 4 0 26 0 0 0 32 0 0 0 0 0 0 0 0 0 0 0 0 0 0
0 0 0 0 0 0 0 3 0 25 0 0 0 0 0 0 0 0 0 0 0 0 0 0 0 0 0 0
0 0 0 0 0 0 0 6 0 35 0 0 0 164 0 0 0 0 0 0 0 0 0 0 0 0 0 0
0 0 0 0 1 1 1 26 0 114 0 40 79 297 0 0 0 0 0 0 0 0 0 0 0 0 0 0
0 0 0 0 1 1 2 29 0 115 0 43 81 304 0 0 0 0 0 0 0 0 0 0 0 0 0 0
0 0 0 0 1 1 1 11 0 38 0 40 41 144 0 0 0 0 0 0 0 0 0 0 0 0 0 0
0 0 0 0 1 1 1 16 0 57 0 40 160 160 0 0 0 0 0 0 0 0 0 0 0 0 0 0
0 0 0 0 0 1 1 15 0 59 0 0 160 192 0 0 0 0 0 0 0 0 0 0 0 0 0 0
0 0 0 0 0 0 1 5 0 28 0 0 1 84 0 0 0 0 0 0 0 1 0 10 0 0 0 32
0 0 0 0 1 1 1 9 0 31 0 40 71 89 0 0 0 0 0 0 0 1 0 10 0 0 0 32
0 0 0 0 1 1 1 8 0 29 0 40 41 71 0 0 0 0 0 0 0 0 0 0 0 0 0 0
0 0 0 0 0 1 1 6 0 27 0 0 40 40 0 0 0 0 0 0 0 0 0 0 0 0 0 0
0 0 0 0 1 1 1 10 0 37 0 40 40 171 0 0 0 0 0 0 0 0 0 0 0 0 0 0
0 0 0 0 0 1 1 6 0 27 0 0 40 40 0 0 0 0 0 0 0 0 0 0 0 0 0 0
0 0 0 0 0 0 0 4 0 27 0 0 0 59 0 0 0 0 0 0 0 0 0 0 0 0 0 0
0 0 0 0 0 0 0 4 0 27 0 0 0 59 0 0 0 0 0 0 0 0 0 0 0 0 0 0
0 0 0 0 0 0 0 3 0 25 0 0 0 0 0 0 0 0 0 0 0 0 0 0 0 0 0 0
0 0 0 0 0 0 1 7 0 36 0 0 3 177 0 0 0 0 0 0 0 0 0 0 0 0 0 0
0 0 0 0 1 1 1 10 0 37 0 40 49 171 0 0 0 0 0 0 0 0 0 0 0 0 0 0
0 0 0 0 1 1 1 12 0 40 0 40 40 166 0 0 0 0 0 0 0 0 0 0 0 0 0 0
0 0 0 0 0 1 1 6 0 31 0 0 40 40 0 0 0 0 0 0 0 0 0 0 0 0 0 0
0 0 0 0 0 0 0 3 0 25 0 0 0 0 0 0 0 0 0 0 0 0 0 0 0 0 0 0
0 0 0 0 0 1 1 8 0 37 0 0 42 180 0 0 0 0 0 0 0 1 0 10 0 0 0 32
0 0 0 0 0 1 1 6 0 28 0 0 40 84 0 0 0 0 0 0 0 1 0 10 0 0 0 32
0 0 0 0 0 1 1 7 0 28 0 4 40 67 0 0 0 0 0 0 0 0 0 0 0 0 0 0
0 0 0 0 1 1 1 9 0 29 0 40 40 67 0 0 0 0 0 0 0 0 0 0 0 0 0 0
0 0 0 0 1 1 1 20 0 52 0 52 161 191 0 0 0 0 0 0 0 0 0 0 0 0 0 0
0 0 0 0 1 1 1 31 0 68 0 164 198 199 0 0 0 0 0 0 0 0 0 0 0 0 0 0
0 0 0 0 0 1 1 13 0 49 0 0 198 198 0 0 0 0 0 0 0 0 0 0 0 0 0 0
0 0 0 0 0 0 1 5 0 27 0 0 1 72 0 0 0 0 0 0 0 0 0 0 0 0 0 0
0 0 0 0 0 1 1 28 0 124 0 4 85 596 0 0 0 0 0 0 0 0 0 0 0 0 0 0
0 0 0 0 1 1 1 63 0 191 0 56 684 684 0 0 0 0 0 0 0 0 0 0 0 0 0 0
0 0 0 0 1 1 1 55 0 174 0 63 684 684 0 0 0 0 0 0 0 0 0 0 0 0 0 0
0 0 0 0 0 1 1 27 0 124 0 0 55 596 0 0 0 0 0 0 0 0 0 0 0 0 0 0
0 0 0 0 0 0 1 15 0 91 0 0 3 176 0 0 0 0 0 0 0 0 0 0 0 0 0 0
0 0 0 0 1 1 1 40 0 183 0 72 99 443 0 0 0 0 0 0 0 1 0 10 0 0 0 32
0 0 0 0 1 1 1 40 0 183 0 43 99 443 0 0 0 0 0 0 0 1 0 10 0 0 0 32
0 0 0 0 1 1 1 10 0 36 0 40 40 171 0 0 0 0 0 0 0 0 0 0 0 0 0 0
0 0 0 0 1 1 1 7 0 27 0 40 40 46 0 0 0 0 0 0 0 0 0 0 0 0 0 0
0 0 0 0 0 1 1 6 0 27 0 0 40 46 0 0 0 0 0 0 0 0 0 0 0 0 0 0
0 0 0 0 0 0 0 3 0 25 0 0 0 0 0 0 0 0 0 0 0 0 0 0 0 0 0 0
0 0 0 0 0 0 0 3 0 25 0 0 0 0 0 0 0 0 0 0 0 0 0 0 0 0 0 0
0 0 0 0 0 0 0 6 0 35 0 0 0 164 0 0 0 0 0 0 0 0 0 0 0 0 0 0
0 0 0 0 0 1 2 26 0 119 0 4 117 297 0 0 0 0 0 0 0 0 0 0 0 0 0 0
0 0 0 0 1 1 2 29 0 119 0 43 117 297 0 0 0 0 0 0 0 0 0 0 0 0 0 0
0 0 0 0 1 1 1 9 0 29 0 40 40 66 0 0 0 0 0 0 0 0 0 0 0 0 0 0
0 0 0 0 1 1 1 17 0 47 0 40 160 161 0 0 0 0 0 0 0 0 0 0 0 0 0 0
0 0 0 0 0 1 1 17 0 52 0 16 161 192 0 0 0 0 0 0 0 0 0 0 0 0 0 0
0 0 0 0 0 0 0 3 0 25 0 0 0 0 0 0 0 0 0 0 0 0 0 0 0 0 0 0
0 0 0 0 0 1 1 6 0 29 0 0 40 84 0 0 0 0 0 0 0 1 0 10 0 0 0 32
0 0 0 0 1 1 1 10 0 30 0 40 40 84 0 0 0 0 0 0 0 1 0 10 0 0 0 32
0 0 0 0 0 1 1 6 0 27 0 4 40 40 0 0 0 0 0 0 0 0 0 0 0 0 0 0
0 0 0 0 0 1 1 8 0 40 0 0 40 171 0 0 0 0 0 0 0 0 0 0 0 0 0 0
0 0 0 0 0 0 1 5 0 31 0 0 1 40 0 0 0 0 0 0 0 0 0 0 0 0 0 0
0 0 0 0 0 0 0 4 0 27 0 0 0 59 0 0 0 0 0 0 0 0 0 0 0 0 0 0
0 0 0 0 0 0 0 4 0 27 0 0 0 59 0 0 0 0 0 0 0 0 0 0 0 0 0 0
0 0 0 0 0 1 1 5 0 26 0 0 40 46 0 0 0 0 0 0 0 0 0 0 0 0 0 0
0 0 0 0 1 1 1 11 0 37 0 40 49 177 0 0 0 0 0 0 0 0 0 0 0 0 0 0
0 0 0 0 1 1 1 11 0 34 0 40 41 138 0 0 0 0 0 0 0 0 0 0 0 0 0 0
0 0 0 0 0 1 1 8 0 33 0 4 40 132 0 0 0 0 0 0 0 0 0 0 0 0 0 0
0 0 0 0 0 0 0 3 0 25 0 0 0 0 0 0 0 0 0 0 0 0 0 0 0 0 0 0
0 0 0 0 0 0 0 3 0 25 0 0 0 0 0 0 0 0 0 0 0 0 0 0 0 0 0 0
0 0 0 0 0 0 0 6 0 35 0 0 0 164 0 0 0 0 0 0 0 0 0 0 0 0 0 0
0 0 0 0 1 1 1 8 0 29 0 40 40 84 0 0 0 0 0 0 0 1 0 10 0 0 0 32
0 0 0 0 1 1 1 11 0 31 0 40 41 90 0 0 0 0 0 0 0 1 0 10 0 0 0 32
0 0 0 0 1 1 1 7 0 28 0 40 40 66 0 0 0 0 0 0 0 0 0 0 0 0 0 0
0 0 0 0 0 1 1 8 0 36 0 0 40 169 0 0 0 0 0 0 0 0 0 0 0 0 0 0
0 0 0 0 1 1 1 27 0 65 0 161 198 199 0 0 0 0 0 0 0 0 0 0 0 0 0 0
0 0 0 0 1 1 1 20 0 57 0 160 162 198 0 0 0 0 0 0 0 0 0 0 0 0 0 0
0 0 0 0 0 0 0 3 0 25 0 0 0 0 0 0 0 0 0 0 0 0 0 0 0 0 0 0
0 0 0 0 0 1 1 5 0 26 0 0 40 40 0 0 0 0 0 0 0 0 0 0 0 0 0 0
0 0 0 0 1 1 1 8 0 28 0 40 40 40 0 0 0 0 0 0 0 0 0 0 0 0 0 0
0 0 0 0 1 1 1 11 0 37 0 40 40 171 0 0 0 0 0 0 0 0 0 0 0 0 0 0
0 0 0 0 1 1 1 50 0 235 0 40 205 674 0 0 0 0 0 0 0 0 0 0 0 0 0 0
0 0 0 0 0 1 1 49 0 235 0 0 205 674 0 0 0 0 0 0 0 0 0 0 0 0 0 0
0 0 0 0 0 1 1 14 0 69 0 0 72 178 0 0 0 0 0 0 0 0 0 0 0 0 0 0
0 0 0 0 1 1 1 39 0 183 0 40 85 443 0 0 0 0 0 0 0 2 0 19 0 0 0 0
0 0 0 0 1 1 1 35 0 174 0 40 99 200 0 0 0 0 0 0 1 4 0 22 0 0 1 67
0 0 0 0 1 1 1 9 0 30 0 40 40 84 0 0 0 0 0 0 0 1 0 10 0 0 0 32
0 0 0 0 1 1 1 7 0 27 0 40 40 40 0 0 0 0 0 0 0 0 0 0 0 0 0 0
0 0 0 0 0 0 0 4 0 26 0 0 0 32 0 0 0 0 0 0 0 0 0 0 0 0 0 0
0 0 0 0 0 0 0 3 0 25 0 0 0 0 0 0 0 0 0 0 0 0 0 0 0 0 0 0
0 0 0 0 0 0 0 6 0 35 0 0 0 164 0 0 0 0 0 0 0 0 0 0 0 0 0 0
0 0 0 0 1 1 1 26 0 114 0 40 79 297 0 0 0 0 0 0 0 0 0 0 0 0 0 0
0 0 0 0 1 1 1 28 0 114 0 40 79 297 0 0 0 0 0 0 0 0 0 0 0 0 0 0
0 0 0 0 1 1 1 7 0 28 0 40 40 66 0 0 0 0 0 0 0 0 0 0 0 0 0 0
0 0 0 0 1 1 1 7 0 28 0 40 40 66 0 0 0 0 0 0 0 0 0 0 0 0 0 0
0 0 0 0 1 1 1 19 0 52 0 52 161 192 0 0 0 0 0 0 0 2 0 19 0 0 0 0
0 0 0 0 1 1 3 64 0 263 0 160 186 779 0 0 0 0 0 1 3 91 0 631 0 0 56 298
0 0 0 0 1 1 3 54 0 262 0 40 186 779 0 0 0 0 0 1 3 90 0 631 0 0 53 285
0 0 0 0 0 1 1 8 0 30 0 4 41 91 0 0 0 0 0 1 1 4 0 19 0 0 41 78
0 0 0 0 0 1 1 7 0 30 0 0 41 91 0 0 0 0 0 0 1 3 0 16 0 0 1 67
0 0 0 0 1 1 1 10 0 36 0 40 40 171 0 0 0 0 0 0 0 0 0 0 0 0 0 0
0 0 0 0 0 1 1 6 0 27 0 0 40 40 0 0 0 0 0 0 0 0 0 0 0 0 0 0
0 0 0 0 0 0 0 3 0 25 0 0 0 0 0 0 0 0 0 0 0 0 0 0 0 0 0 0
0 0 0 0 0 0 1 5 0 28 0 0 3 71 0 0 0 0 0 0 0 0 0 0 0 0 0 0
0 0 0 0 0 1 1 7 0 28 0 0 41 71 0 0 0 0 0 0 0 0 0 0 0 0 0 0
0 0 0 0 0 1 1 8 0 36 0 0 40 171 0 0 0 0 0 0 0 0 0 0 0 0 0 0
0 0 0 0 0 1 1 5 0 26 0 0 40 40 0 0 0 0 0 0 0 0 0 0 0 0 0 0
0 0 0 0 0 1 1 5 0 26 0 0 40 40 0 0 0 0 0 0 0 0 0 0 0 0 0 0
0 0 0 0 0 0 0 3 0 25 0 0 0 0 0 0 0 0 0 0 0 0 0 0 0 0 0 0
0 0 0 0 0 0 0 3 0 25 0 0 0 0 0 0 0 0 0 0 0 0 0 0 0 0 0 0
0 0 0 0 0 0 0 6 0 35 0 0 0 164 0 0 0 0 0 0 0 0 0 0 0 0 0 0
0 0 0 0 0 1 1 5 0 26 0 0 40 40 0 0 0 0 0 0 0 0 0 0 0 0 0 0
0 0 0 0 1 1 1 8 0 29 0 40 40 85 0 0 0 0 0 0 0 1 0 10 0 0 0 32
0 0 0 0 0 1 1 7 0 29 0 4 40 85 0 0 0 0 0 0 0 1 0 10 0 0 0 32
0 0 0 0 0 0 1 4 0 26 0 0 1 40 0 0 0 0 0 0 0 0 0 0 0 0 0 0
0 0 0 0 0 1 1 14 0 49 0 0 160 192 0 0 0 0 0 0 0 0 0 0 0 0 0 0
0 0 0 0 0 1 1 14 0 46 0 0 160 161 0 0 0 0 0 0 0 0 0 0 0 0 0 0
0 0 0 0 0 1 1 7 0 33 0 0 40 139 0 0 0 0 0 0 0 0 0 0 0 0 0 0
0 0 0 0 1 1 1 8 0 29 0 40 41 71 0 0 0 0 0 0 0 0 0 0 0 0 0 0
0 0 0 0 0 1 1 7 0 29 0 4 41 71 0 0 0 0 0 0 0 0 0 0 0 0 0 0
0 0 0 0 0 1 1 8 0 36 0 0 40 171 0 0 0 0 0 0 0 0 0 0 0 0 0 0
0 0 0 0 0 0 1 4 0 26 0 0 1 40 0 0 0 0 0 0 0 0 0 0 0 0 0 0
0 0 0 0 0 0 0 3 0 25 0 0 0 0 0 0 0 0 0 0 0 0 0 0 0 0 0 0
0 0 0 0 0 0 0 3 0 25 0 0 0 0 0 0 0 0 0 0 0 0 0 0 0 0 0 0
0 0 0 0 0 1 1 37 0 183 0 4 85 443 0 0 0 0 0 0 0 0 0 0 0 0 0 0
0 0 1 0 1 3 3 100 0 344 0 187 539 1402 0 0 1 0 0 1 4 90 0 637 0 0 40 331
0 0 0 0 1 2 3 67 0 298 0 54 186 1196 0 0 1 0 0 1 4 92 0 636 0 4 53 335
0 0 0 0 1 1 1 9 0 31 0 40 49 91 0 0 0 0 0 1 1 4 0 19 0 0 41 78
0 0 0 0 0 1 1 5 0 26 0 0 40 40 0 0 0 0 0 0 0 3 0 16 0 0 0 64
0 0 0 0 0 0 0 3 0 25 0 0 0 0 0 0 0 0 0 0 0 0 0 0 0 0 0 0
0 0 0 0 0 0 0 6 0 35 0 0 0 164 0 0 0 0 0 0 0 0 0 0 0 0 0 0
0 0 0 0 0 1 1 12 0 49 0 4 73 177 0 0 0 0 0 0 0 0 0 0 0 0 0 0
0 0 0 0 1 1 1 26 0 114 0 40 79 297 0 0 0 0 0 0 0 0 0 0 0 0 0 0
0 0 0 0 0 1 1 19 0 108 0 0 40 172 0 0 0 0 0 0 0 0 0 0 0 0 0 0
0 0 0 0 0 1 1 5 0 26 0 0 40 46 0 0 0 0 0 0 0 0 0 0 0 0 0 0
0 0 0 0 0 0 1 7 0 36 0 0 1 171 0 0 0 0 0 0 0 0 0 0 0 0 0 0
0 0 0 0 0 1 1 14 0 46 0 0 160 161 0 0 0 0 0 0 0 0 0 0 0 0 0 0
0 0 0 0 0 1 1 14 0 46 0 4 160 161 0 0 0 0 0 0 0 0 0 0 0 0 0 0
0 0 0 0 0 0 1 4 0 26 0 0 1 40 0 0 0 0 0 0 0 0 0 0 0 0 0 0
0 0 0 0 0 0 0 0 0 5 0 0 0 0 0 0 0 0 0 0 0 0 0 0 0 0 0 0
0 0 0 0 1 1 1 8 0 29 0 40 40 84 0 0 0 0 0 0 0 1 0 10 0 0 0 32
0 0 0 0 1 1 1 8 0 29 0 40 40 84 0 0 0 0 0 0 0 1 0 10 0 0 0 32
0 0 0 0 0 0 0 3 0 25 0 0 0 0 0 0 0 0 0 0 0 0 0 0 0 0 0 0
0 0 0 0 0 0 0 3 0 25 0 0 0 0 0 0 0 0 0 0 0 0 0 0 0 0 0 0
0 0 0 0 0 0 1 4 0 26 0 0 1 40 0 0 0 0 0 0 0 0 0 0 0 0 0 0
0 0 0 0 0 1 1 9 0 36 0 4 40 171 0 0 0 0 0 0 0 0 0 0 0 0 0 0
0 0 0 0 0 1 1 5 0 26 0 0 40 40 0 0 0 0 0 0 0 0 0 0 0 0 0 0
0 0 0 0 0 1 1 5 0 26 0 0 40 40 0 0 0 0 0 0 0 0 0 0 0 0 0 0
0 0 0 0 0 0 1 4 0 26 0 0 1 40 0 0 0 0 0 0 0 0 0 0 0 0 0 0
0 0 0 0 0 0 0 3 0 25 0 0 0 0 0 0 0 0 0 0 0 0 0 0 0 0 0 0
0 0 0 0 0 0 0 6 0 35 0 0 0 164 0 0 0 0 0 0 0 0 0 0 0 0 0 0
0 0 1 0 0 1 4 67 0 385 0 4 206 452 0 0 1 0 0 1 4 150 0 656 0 0 163 3070
0 0 1 0 1 1 4 69 0 385 0 40 206 452 0 0 1 0 0 1 4 150 0 656 0 0 163 3070
0 0 0 0 1 1 1 8 0 29 0 40 40 85 0 0 0 0 0 0 0 1 0 10 0 0 0 32
0 0 0 0 0 1 1 6 0 29 0 0 40 84 0 0 0 0 0 0 0 1 0 10 0 0 0 32
0 0 0 0 0 0 1 7 0 36 0 0 1 171 0 0 0 0 0 0 0 0 0 0 0 0 0 0
0 0 0 0 0 1 1 14 0 46 0 0 160 161 0 0 0 0 0 0 0 0 0 0 0 0 0 0
0 0 0 0 0 1 1 14 0 46 0 0 160 161 0 0 0 0 0 0 0 0 0 0 0 0 0 0
0 0 0 0 0 0 1 4 0 26 0 0 1 40 0 0 0 0 0 0 0 0 0 0 0 0 0 0
0 0 0 0 0 1 1 6 0 27 0 4 40 40 0 0 0 0 0 0 0 0 0 0 0 0 0 0
0 0 0 0 1 1 1 10 0 36 0 40 40 171 0 0 0 0 0 0 0 0 0 0 0 0 0 0
0 0 0 0 0 0 1 4 0 26 0 0 1 40 0 0 0 0 0 0 0 0 0 0 0 0 0 0
0 0 0 0 0 0 0 3 0 25 0 0 0 0 0 0 0 0 0 0 0 0 0 0 0 0 0 0
0 0 0 0 0 0 0 3 0 25 0 0 0 0 0 0 0 0 0 0 0 0 0 0 0 0 0 0
0 0 0 0 0 1 1 36 0 183 0 0 85 443 0 0 0 0 0 0 0 0 0 0 0 0 0 0
0 0 1 0 1 3 3 98 0 328 0 200 531 1314 0 0 1 0 0 1 4 96 0 634 0 0 58 521
0 0 1 0 1 3 4 124 0 535 0 61 284 1727 0 0 1 0 1 2 7 185 0 920 0 40 205 4148
0 0 1 0 1 1 1 70 0 464 0 40 50 180 0 0 1 0 0 1 1 94 0 679 0 4 74 99
0 0 1 1 1 3 4 136 0 556 40 104 286 1854 0 0 1 0 1 5 5 226 0 1075 0 81 415 4224
0 0 1 0 1 3 4 131 0 557 0 66 286 1854 0 0 1 0 1 5 5 221 0 1076 0 54 415 4224
0 0 0 0 0 1 1 8 0 36 0 0 40 171 0 0 0 0 0 0 0 3 0 16 0 0 0 64
0 0 0 0 0 1 1 5 0 26 0 0 40 40 0 0 0 0 0 0 0 3 0 16 0 0 0 64
0 0 0 0 1 1 1 27 0 114 0 40 79 297 0 0 0 0 0 0 0 0 0 0 0 0 0 0
0 0 0 0 1 1 1 28 0 114 0 40 79 297 0 0 0 0 0 0 0 0 0 0 0 0 0 0
0 0 0 0 0 1 1 5 0 26 0 0 40 40 0 0 0 0 0 0 0 0 0 0 0 0 0 0
0 0 0 0 0 0 1 7 0 36 0 0 1 171 0 0 0 0 0 0 0 0 0 0 0 0 0 0
0 0 0 0 0 0 1 8 0 38 0 0 7 160 0 0 0 0 0 0 0 0 0 0 0 0 0 0
0 0 0 0 0 1 1 14 0 46 0 0 160 161 0 0 0 0 0 0 0 0 0 0 0 0 0 0
0 0 0 0 0 1 1 10 0 38 0 4 46 161 0 0 0 0 0 0 0 0 0 0 0 0 0 0
0 0 0 0 0 1 1 6 0 27 0 0 40 46 0 0 0 0 0 0 0 0 0 0 0 0 0 0
0 0 0 0 0 1 1 8 0 36 0 0 40 172 0 0 0 0 0 0 0 0 0 0 0 0 0 0
0 0 0 0 0 1 1 6 0 29 0 0 40 84 0 0 0 0 0 0 0 1 0 10 0 0 0 32
0 0 0 0 0 0 1 5 0 28 0 0 1 84 0 0 0 0 0 0 0 1 0 10 0 0 0 32
0 0 0 0 0 0 0 4 0 26 0 0 0 33 0 0 0 0 0 0 0 0 0 6 0 0 0 0
0 0 0 0 0 1 1 5 0 26 0 0 40 40 0 0 0 0 0 0 0 0 0 6 0 0 0 0
0 0 0 0 1 1 1 11 0 40 0 40 40 171 0 0 0 0 0 0 0 1 0 10 0 0 0 0
0 0 0 0 1 1 1 8 0 32 0 40 40 40 0 0 0 0 0 0 0 2 0 14 0 0 0 66
0 0 0 0 0 0 1 4 0 26 0 0 1 40 0 0 0 0 0 0 0 1 0 10 0 0 0 0
0 0 0 0 0 0 0 3 0 25 0 0 0 0 0 0 0 0 0 0 0 0 0 0 0 0 0 0
0 0 0 0 0 0 0 3 0 25 0 0 0 0 0 0 0 0 0 0 0 0 0 0 0 0 0 0
0 0 0 0 0 0 0 6 0 35 0 0 0 164 0 0 0 0 0 0 0 0 0 0 0 0 0 0
0 0 0 0 0 0 1 4 0 26 0 0 1 40 0 0 0 0 0 0 0 0 0 0 0 0 0 0
0 0 0 0 0 1 1 6 0 27 0 4 40 46 0 0 0 0 0 0 0 0 0 0 0 0 0 0
0 0 0 0 0 1 1 5 0 26 0 0 40 46 0 0 0 0 0 0 0 0 0 0 0 0 0 0
1 0 4 0 7 9 15 452 0 1516 0 1363 2286 6837 3 0 10 0 6 14 39 3188 0 14371 0 822 8482 53269
2 0 4 1 8 9 15 506 0 1514 98 1363 2286 6837 3 0 11 1 8 20 39 3600 0 14554 48 1407 22182 53269
0 0 1 0 1 2 4 53 0 202 0 45 267 794 0 0 2 0 0 1 6 412 0 2812 0 0 131 1434
0 0 1 0 2 2 3 134 0 604 0 201 477 1012 0 0 1 0 1 1 5 249 0 1179 0 55 571 5464
0 0 1 1 2 2 3 137 0 603 40 201 477 1012 0 0 1 0 1 1 5 250 0 1178 0 55 571 5464
0 0 1 0 1 2 5 336 0 1802 10 42 240 5298 0 0 1 0 1 2 3 94 0 558 0 120 205 323
0 0 1 0 1 2 5 338 0 1802 0 66 240 5298 0 0 1 0 1 2 3 93 0 558 0 120 205 323
0 0 0 0 0 0 1 4 0 26 0 0 1 40 0 0 0 0 0 0 0 0 0 0 0 0 0 0
0 0 0 0 0 0 0 5 0 28 0 0 0 86 0 0 0 0 0 0 0 0 0 0 0 0 0 0
0 0 0 0 0 0 1 6 0 29 0 0 3 98 0 0 0 0 0 0 0 0 0 0 0 0 0 0
0 0 0 0 1 1 1 39 0 183 0 71 85 443 0 0 0 0 0 0 0 0 0 0 0 0 0 0
0 0 0 0 1 1 1 42 0 184 0 71 200 443 0 0 0 0 0 0 0 0 0 0 0 0 0 0
0 0 0 0 0 1 1 6 0 28 0 0 40 72 0 0 0 0 0 0 0 1 0 9 0 0 0 0
0 0 0 0 1 1 1 11 0 40 0 40 41 178 0 0 0 0 0 0 0 1 0 9 0 0 0 0
0 0 0 0 1 1 1 11 0 40 0 40 42 180 0 0 0 0 0 0 0 1 0 10 0 0 0 32
0 0 0 0 1 1 1 11 0 35 0 41 82 140 0 0 0 0 1 1 1 7 0 21 0 41 53 78
0 0 0 0 1 1 2 13 0 45 0 41 85 191 0 0 0 0 1 1 1 7 0 21 0 52 52 74
0 0 0 0 0 1 1 6 0 31 0 0 40 46 0 0 0 0 0 0 0 1 0 9 0 0 0 42
0 0 0 0 1 1 1 26 0 136 0 40 73 274 0 0 0 0 0 0 0 0 0 0 0 0 0 0
0 0 0 0 1 1 1 28 0 136 0 40 73 274 0 0 0 0 0 0 0 0 0 6 0 0 0 0
0 0 0 0 0 1 1 8 0 33 0 4 40 138 0 0 0 0 0 0 0 3 0 21 0 0 0 42
0 0 0 0 0 0 1 9 0 40 0 0 7 192 0 0 0 0 0 0 0 2 0 20 0 0 0 0
0 0 0 0 0 0 0 3 0 25 0 0 0 0 0 0 0 0 0 0 0 0 0 0 0 0 0 0
0 0 0 0 0 1 1 14 0 46 0 0 160 161 0 0 0 0 0 0 0 0 0 0 0 0 0 0
0 0 0 0 1 1 1 16 0 47 0 50 160 161 0 0 0 0 0 0 0 0 0 0 0 0 0 0
0 0 0 0 0 1 1 8 0 36 0 4 40 66 0 0 0 0 0 0 0 0 0 0 0 0 0 0
0 0 0 0 0 1 1 9 0 43 0 0 40 172 0 0 0 0 0 0 0 0 0 0 0 0 0 0
0 0 0 0 0 0 1 4 0 26 0 0 1 46 0 0 0 0 0 0 0 2 0 20 0 0 0 0
0 0 0 0 0 1 1 6 0 28 0 0 40 84 0 0 0 0 0 0 1 4 0 23 0 0 1 67
0 0 1 0 1 2 4 76 0 274 0 104 389 986 0 0 0 0 0 1 2 80 0 524 0 4 76 419
0 0 1 0 1 2 4 77 0 273 0 92 389 986 0 0 0 0 0 1 2 80 0 524 0 5 55 419
0 0 0 0 1 1 1 11 0 38 0 40 42 178 0 0 0 0 0 1 1 3 0 12 0 0 52 52
0 0 0 0 0 1 1 6 0 27 0 4 40 41 0 0 0 0 0 0 0 1 0 9 0 0 0 42
0 0 0 0 0 1 1 6 0 27 0 0 40 40 0 0 0 0 0 0 0 0 0 0 0 0 0 0
0 0 0 0 0 1 1 5 0 26 0 0 40 40 0 0 0 0 0 0 0 0 0 0 0 0 0 0
0 0 0 0 0 0 0 4 0 26 0 0 0 33 0 0 0 0 0 0 0 0 0 6 0 0 0 0
0 0 0 0 0 0 1 9 0 42 0 0 5 185 0 0 0 0 0 0 1 3 0 20 0 0 1 49
0 0 0 0 0 0 1 6 0 34 0 0 1 105 0 0 0 0 0 0 0 3 0 19 0 0 0 32
0 0 0 0 0 1 1 6 0 31 0 0 40 40 0 0 0 0 0 0 0 0 0 0 0 0 0 0
0 0 0 0 1 1 1 8 0 32 0 40 40 40 0 0 0 0 0 0 0 0 0 5 0 0 0 0
0 0 0 0 0 1 1 6 0 27 0 0 40 40 0 0 0 0 0 0 0 0 0 5 0 0 0 0
0 0 0 0 0 0 1 9 0 44 0 0 3 178 0 0 0 0 0 0 2 6 0 29 0 0 1 125
0 0 0 0 0 1 1 8 0 38 0 0 41 91 0 0 0 0 0 1 2 8 0 31 0 0 41 131
0 0 0 0 0 1 1 8 0 34 0 0 42 148 0 0 0 0 0 0 0 1 0 10 0 0 0 32
0 0 0 0 1 1 1 16 0 47 0 40 160 161 0 0 0 0 0 0 0 0 0 0 0 0 0 0
0 0 0 0 1 1 1 14 0 43 0 40 160 161 0 0 0 0 0 0 0 0 0 0 0 0 0 0
0 0 0 0 0 1 1 8 0 36 0 0 40 171 0 0 0 0 0 0 0 0 0 0 0 0 0 0
0 0 0 0 0 0 1 4 0 26 0 0 1 40 0 0 0 0 0 0 0 0 0 0 0 0 0 0
0 0 0 0 0 1 1 60 0 189 0 20 684 684 0 0 0 0 0 0 0 0 0 0 0 0 0 0
0 0 0 0 1 1 1 71 0 205 0 248 684 684 0 0 0 0 0 0 0 0 0 0 0 0 0 0
0 0 0 0 0 1 1 35 0 138 0 4 214 650 0 0 0 0 0 0 0 0 0 6 0 0 0 0
0 0 0 0 1 1 1 54 0 201 0 79 214 650 0 0 0 0 0 0 0 0 0 6 0 0 0 0
0 0 0 0 1 1 1 31 0 173 0 40 79 178 0 0 0 0 0 0 0 0 0 0 0 0 0 0
0 0 0 0 0 0 1 4 0 26 0 0 1 46 0 0 0 0 0 0 0 0 0 0 0 0 0 0
0 0 0 0 0 0 1 4 0 26 0 0 1 40 0 0 0 0 0 0 0 2 0 15 0 0 0 32
0 0 0 0 0 0 1 4 0 26 0 0 1 40 0 0 0 0 0 0 0 2 0 15 0 0 0 32
0 0 0 0 0 1 1 8 0 37 0 0 42 180 0 0 0 0 0 0 0 1 0 10 0 0 0 32
0 0 0 0 1 1 1 52 0 312 0 40 99 285 0 0 0 0 0 0 0 1 0 10 0 0 0 32
0 0 1 0 1 1 3 73 0 331 0 43 314 768 0 0 0 0 0 0 0 0 0 0 0 0 0 0
0 0 0 0 1 1 2 28 0 123 0 40 73 438 0 0 0 0 0 0 0 0 0 0 0 0 0 0
0 0 0 0 0 1 1 5 0 26 0 0 40 40 0 0 0 0 0 0 0 1 0 10 0 0 0 0
0 0 0 0 1 1 2 60 0 328 0 41 201 282 0 0 0 0 1 1 2 82 0 557 0 41 86 185
0 0 0 0 1 2 2 74 0 349 0 41 240 887 0 0 0 0 1 1 2 89 0 557 0 54 148 302
0 0 0 0 0 1 1 21 0 132 0 0 40 171 0 0 0 0 0 1 1 9 0 45 0 0 40 126
0 0 0 0 0 1 1 15 0 49 0 4 160 192 0 0 0 0 0 0 0 0 0 0 0 0 0 0
0 0 0 0 1 1 1 17 0 49 0 40 160 192 0 0 0 0 0 0 0 0 0 0 0 0 0 0
0 0 0 0 1 1 1 10 0 36 0 40 40 171 0 0 0 0 0 0 0 0 0 0 0 0 0 0
0 0 0 0 0 0 1 4 0 26 0 0 1 40 0 0 0 0 0 0 0 0 0 0 0 0 0 0
0 0 0 0 0 0 0 3 0 25 0 0 0 0 0 0 0 0 0 0 0 0 0 0 0 0 0 0
0 0 0 0 0 0 1 5 0 28 0 0 1 84 0 0 0 0 0 0 0 1 0 10 0 0 0 32
0 0 0 0 0 1 1 6 0 29 0 0 40 84 0 0 0 0 0 0 0 1 0 10 0 0 0 32
0 0 0 0 0 1 1 8 0 36 0 0 40 171 0 0 0 0 0 0 0 0 0 0 0 0 0 0
0 0 0 0 0 1 1 5 0 27 0 0 40 53 0 0 0 0 0 0 0 0 0 0 0 0 0 0
0 0 0 0 0 0 1 4 0 26 0 0 1 53 0 0 0 0 0 0 0 0 0 0 0 0 0 0
0 0 0 0 0 0 0 3 0 25 0 0 0 0 0 0 0 0 0 0 0 0 0 0 0 0 0 0
0 0 0 0 0 0 0 3 0 25 0 0 0 0 0 0 0 0 0 0 0 0 0 0 0 0 0 0
0 0 0 0 0 0 0 6 0 35 0 0 0 164 0 0 0 0 0 0 0 0 0 0 0 0 0 0
0 0 0 0 0 0 1 4 0 26 0 0 1 40 0 0 0 0 0 0 0 0 0 0 0 0 0 0
0 0 0 0 0 1 1 5 0 26 0 0 40 40 0 0 0 0 0 0 0 0 0 0 0 0 0 0
0 0 0 0 0 1 1 6 0 27 0 0 40 40 0 0 0 0 0 0 0 0 0 0 0 0 0 0
0 0 0 0 0 1 1 6 0 27 0 0 40 40 0 0 0 0 0 0 0 0 0 0 0 0 0 0
0 0 0 0 0 0 0 4 0 26 0 0 0 32 0 0 0 0 0 0 0 0 0 0 0 0 0 0
0 0 0 0 0 0 0 3 0 25 0 0 0 0 0 0 0 0 0 0 0 0 0 0 0 0 0 0
0 0 0 0 0 1 1 9 0 45 0 0 40 171 0 0 0 0 0 0 0 1 0 10 0 0 0 32
0 0 0 0 1 1 1 18 0 54 0 40 160 161 0 0 0 0 0 0 0 1 0 10 0 0 0 32
0 0 0 0 1 1 1 16 0 47 0 40 160 161 0 0 0 0 0 0 0 0 0 0 0 0 0 0
0 0 0 0 0 1 1 8 0 36 0 0 40 171 0 0 0 0 0 0 0 0 0 0 0 0 0 0
0 0 0 0 0 0 1 4 0 26 0 0 1 40 0 0 0 0 0 0 0 0 0 0 0 0 0 0
0 0 0 0 0 0 0 3 0 25 0 0 0 0 0 0 0 0 0 0 0 0 0 0 0 0 0 0
0 0 0 0 0 0 0 3 0 25 0 0 0 0 0 0 0 0 0 0 0 0 0 0 0 0 0 0
0 0 0 0 0 0 1 5 0 27 0 0 1 72 0 0 0 0 0 0 0 1 0 10 0 0 0 0
0 0 0 0 1 1 2 39 0 183 0 43 85 443 0 0 0 0 0 0 0 1 0 10 0 0 0 0
0 0 0 0 1 1 1 38 0 183 0 40 85 443 0 0 0 0 0 0 0 0 0 0 0 0 0 0
0 0 0 0 0 1 1 8 0 36 0 0 40 171 0 0 0 0 0 0 0 0 0 0 0 0 0 0
0 0 0 0 0 0 1 4 0 26 0 0 1 40 0 0 0 0 0 0 0 0 0 0 0 0 0 0
0 0 0 0 0 0 0 3 0 25 0 0 0 0 0 0 0 0 0 0 0 0 0 0 0 0 0 0
0 0 0 0 0 0 0 6 0 35 0 0 0 164 0 0 0 0 0 0 0 0 0 0 0 0 0 0
0 0 0 0 0 1 1 6 0 28 0 0 40 84 0 0 0 0 0 0 0 1 0 10 0 0 0 32
0 0 0 0 1 1 1 13 0 49 0 40 74 180 0 0 0 0 0 0 0 1 0 10 0 0 0 32
0 0 0 0 1 1 1 28 0 114 0 40 79 297 0 0 0 0 0 0 0 0 0 0 0 0 0 0
0 0 0 0 1 1 1 21 0 108 0 40 49 177 0 0 0 0 0 0 0 0 0 0 0 0 0 0
0 0 0 0 0 0 0 3 0 25 0 0 0 0 0 0 0 0 0 0 0 0 0 0 0 0 0 0
0 0 0 0 0 0 0 3 0 25 0 0 0 0 0 0 0 0 0 0 0 0 0 0 0 0 0 0
0 0 0 0 0 0 0 6 0 35 0 0 0 164 0 0 0 0 0 0 0 0 0 0 0 0 0 0
0 0 0 0 0 1 1 6 0 27 0 0 40 40 0 0 0 0 0 0 0 0 0 0 0 0 0 0
0 0 0 0 1 1 1 17 0 57 0 40 160 160 0 0 0 0 0 0 0 0 0 0 0 0 0 0
0 0 0 0 1 1 1 19 0 61 0 40 160 192 0 0 0 0 0 0 0 0 0 0 0 0 0 0
0 0 0 0 0 0 1 4 0 26 0 0 1 40 0 0 0 0 0 0 0 0 0 0 0 0 0 0
0 0 0 0 0 0 0 3 0 25 0 0 0 0 0 0 0 0 0 0 0 0 0 0 0 0 0 0
0 0 0 0 0 0 0 3 0 25 0 0 0 0 0 0 0 0 0 0 0 0 0 0 0 0 0 0
0 0 0 0 0 1 1 6 0 28 0 0 41 71 0 0 0 0 0 0 0 0 0 0 0 0 0 0
0 0 0 0 1 1 1 9 0 31 0 40 71 89 0 0 0 0 0 0 0 1 0 10 0 0 0 32
0 0 0 0 1 1 1 9 0 30 0 40 40 85 0 0 0 0 0 0 0 1 0 10 0 0 0 32
0 0 0 0 0 1 1 8 0 36 0 0 40 172 0 0 0 0 0 0 0 0 0 0 0 0 0 0
0 0 0 0 0 0 0 4 0 26 0 0 0 32 0 0 0 0 0 0 0 1 0 11 0 0 0 0
0 0 0 0 0 0 1 19 0 118 0 0 1 171 0 0 0 0 0 0 0 1 0 11 0 0 0 0
0 0 0 0 0 0 1 21 0 120 0 0 9 200 0 0 0 0 0 0 0 0 0 0 0 0 0 0
0 0 0 0 0 0 1 4 0 26 0 0 1 40 0 0 0 0 0 0 0 0 0 0 0 0 0 0
0 0 1 0 1 1 1 17 0 85 0 40 40 172 0 0 0 0 0 0 0 0 0 0 0 0 0 0
0 0 1 0 1 1 1 17 0 85 0 40 40 172 0 0 0 0 0 0 0 0 0 0 0 0 0 0
0 0 0 0 0 1 1 5 0 26 0 0 40 40 0 0 0 0 0 0 0 0 0 0 0 0 0 0
0 0 0 0 0 0 0 4 0 26 0 0 0 32 0 0 0 0 0 0 0 0 0 0 0 0 0 0
0 0 0 0 0 0 0 3 0 25 0 0 0 0 0 0 0 0 0 0 0 0 0 0 0 0 0 0
0 0 0 0 0 0 1 7 0 36 0 0 1 171 0 0 0 0 0 0 0 0 0 0 0 0 0 0
0 0 0 0 0 1 1 6 0 29 0 0 40 84 0 0 0 0 0 0 0 1 0 10 0 0 0 32
0 0 0 0 1 1 1 22 0 48 0 79 160 161 0 0 0 0 0 0 0 1 0 10 0 0 0 32
0 0 0 0 1 1 1 23 0 49 10 78 160 161 0 0 0 0 0 0 0 0 0 0 0 0 0 0
0 0 0 0 0 1 1 7 0 30 0 0 71 78 0 0 0 0 0 0 0 0 0 0 0 0 0 0
0 0 0 0 0 0 0 6 0 35 0 0 0 164 0 0 0 0 0 0 0 0 0 0 0 0 0 0
0 0 0 0 0 0 0 3 0 25 0 0 0 0 0 0 0 0 0 0 0 0 0 0 0 0 0 0
0 0 0 0 0 0 0 4 0 26 0 0 0 32 0 0 0 0 0 0 0 0 0 0 0 0 0 0
0 0 0 0 1 1 2 39 0 185 0 40 85 476 0 0 0 0 0 0 0 0 0 0 0 0 0 0
0 0 0 0 1 1 2 39 0 185 0 40 85 476 0 0 0 0 0 0 0 0 0 0 0 0 0 0
0 0 0 0 0 1 1 8 0 36 0 0 40 172 0 0 0 0 0 0 0 0 0 0 0 0 0 0
0 0 0 0 0 0 0 4 0 26 0 0 0 32 0 0 0 0 0 0 0 0 0 0 0 0 0 0
0 0 0 0 0 0 0 3 0 25 0 0 0 0 0 0 0 0 0 0 0 0 0 0 0 0 0 0
0 0 0 0 0 0 0 3 0 25 0 0 0 0 0 0 0 0 0 0 0 0 0 0 0 0 0 0
0 0 0 0 0 0 1 4 0 26 0 0 1 40 0 0 0 0 0 0 0 0 0 0 0 0 0 0
0 0 0 0 1 1 1 12 0 38 0 40 50 180 0 0 0 0 0 0 0 1 0 10 0 0 0 32
0 0 0 0 1 1 1 29 0 115 0 50 99 297 0 0 0 0 0 0 0 1 0 10 0 0 0 32
0 0 0 0 0 1 1 25 0 114 0 4 79 297 0 0 0 0 0 0 0 0 0 0 0 0 0 0
0 0 0 0 0 0 0 3 0 25 0 0 0 0 0 0 0 0 0 0 0 0 0 0 0 0 0 0
0 0 0 0 0 0 0 3 0 25 0 0 0 0 0 0 0 0 0 0 0 0 0 0 0 0 0 0
0 0 0 0 0 0 1 7 0 36 0 0 1 171 0 0 0 0 0 0 0 0 0 0 0 0 0 0
0 0 0 0 0 1 1 5 0 26 0 0 40 40 0 0 0 0 0 0 0 0 0 0 0 0 0 0
0 0 0 0 1 1 1 14 0 43 0 40 160 160 0 0 0 0 0 0 0 0 0 0 0 0 0 0
0 0 0 0 1 1 1 16 0 47 0 40 160 161 0 0 0 0 0 0 0 0 0 0 0 0 0 0
0 0 0 0 0 0 1 6 0 32 0 0 1 139 0 0 0 0 0 0 0 0 0 0 0 0 0 0
0 0 0 0 0 0 0 6 0 35 0 0 0 164 0 0 0 0 0 0 0 0 0 0 0 0 0 0
0 0 0 0 0 0 0 3 0 25 0 0 0 0 0 0 0 0 0 0 0 0 0 0 0 0 0 0
0 0 0 0 0 0 0 4 0 26 0 0 0 32 0 0 0 0 0 0 0 0 0 0 0 0 0 0
0 0 0 0 0 1 1 6 0 27 0 0 40 40 0 0 0 0 0 0 0 0 0 0 0 0 0 0
0 0 0 0 1 1 1 8 0 29 0 40 40 84 0 0 0 0 0 0 0 1 0 10 0 0 0 32
0 0 0 0 0 1 1 10 0 38 0 4 50 180 0 0 0 0 0 0 0 1 0 10 0 0 0 32
0 0 0 0 0 0 0 4 0 26 0 0 0 39 0 0 0 0 0 0 0 0 0 0 0 0 0 0
0 0 0 0 0 0 0 3 0 25 0 0 0 0 0 0 0 0 0 0 0 0 0 0 0 0 0 0
0 0 0 0 0 0 0 3 0 25 0 0 0 0 0 0 0 0 0 0 0 0 0 0 0 0 0 0
0 0 0 0 0 1 1 5 0 26 0 0 40 40 0 0 0 0 0 0 0 0 0 0 0 0 0 0
0 0 0 0 1 1 1 10 0 37 0 40 40 171 0 0 0 0 0 0 0 0 0 0 0 0 0 0
0 0 0 0 0 1 1 6 0 27 0 0 40 40 0 0 0 0 0 0 0 0 0 0 0 0 0 0
0 0 0 0 0 0 0 4 0 26 0 0 0 32 0 0 0 0 0 0 0 0 0 0 0 0 0 0
0 0 0 0 0 0 0 3 0 25 0 0 0 0 0 0 0 0 0 0 0 0 0 0 0 0 0 0
0 0 0 0 0 0 0 3 0 25 0 0 0 0 0 0 0 0 0 0 0 0 0 0 0 0 0 0
0 0 0 0 0 0 0 6 0 35 0 0 0 164 0 0 0 0 0 0 0 0 0 0 0 0 0 0
0 0 0 0 0 0 1 4 0 26 0 0 1 40 0 0 0 0 0 0 0 0 0 0 0 0 0 0
0 0 0 0 0 1 1 6 0 27 0 0 40 40 0 0 0 0 0 0 0 0 0 0 0 0 0 0
0 0 0 0 1 1 1 19 0 48 0 52 160 161 0 0 0 0 0 0 0 1 0 10 0 0 0 32
0 0 0 0 1 1 1 17 0 48 0 52 160 161 0 0 0 0 0 0 0 1 0 10 0 0 0 32
0 0 0 0 0 0 0 6 0 35 0 0 0 164 0 0 0 0 0 0 0 0 0 0 0 0 0 0
0 0 0 0 0 0 0 3 0 25 0 0 0 0 0 0 0 0 0 0 0 0 0 0 0 0 0 0
0 0 0 0 0 0 0 4 0 26 0 0 0 32 0 0 0 0 0 0 0 0 0 0 0 0 0 0
0 0 0 0 0 1 1 37 0 183 0 4 85 443 0 0 0 0 0 0 0 0 0 0 0 0 0 0
0 0 0 0 1 1 1 40 0 183 0 40 85 443 0 0 0 0 0 0 0 0 0 0 0 0 0 0
0 0 0 0 1 1 1 10 0 37 0 40 40 172 0 0 0 0 0 0 0 0 0 0 0 0 0 0
0 0 0 0 0 0 0 3 0 25 0 0 0 0 0 0 0 0 0 0 0 0 0 0 0 0 0 0
0 0 0 0 0 0 0 3 0 25 0 0 0 0 0 0 0 0 0 0 0 0 0 0 0 0 0 0
0 0 0 0 0 0 0 3 0 25 0 0 0 0 0 0 0 0 0 0 0 0 0 0 0 0 0 0
0 0 0 0 0 1 1 6 0 27 0 0 40 40 0 0 0 0 0 0 0 0 0 0 0 0 0 0
0 0 0 0 1 1 1 10 0 36 0 40 40 171 0 0 0 0 0 0 0 0 0 0 0 0 0 0
0 0 0 0 1 1 1 28 0 120 0 43 99 297 0 0 0 0 0 0 0 1 0 10 0 0 0 32
0 0 0 0 1 1 1 27 0 120 0 43 99 297 0 0 0 0 0 0 0 1 0 10 0 0 0 32
0 0 0 0 0 0 0 3 0 25 0 0 0 0 0 0 0 0 0 0 0 0 0 0 0 0 0 0
0 0 0 0 0 0 0 3 0 25 0 0 0 0 0 0 0 0 0 0 0 0 0 0 0 0 0 0
0 0 0 0 0 0 0 6 0 35 0 0 0 164 0 0 0 0 0 0 0 0 0 0 0 0 0 0
0 0 0 0 0 1 1 5 0 26 0 0 40 40 0 0 0 0 0 0 0 0 0 0 0 0 0 0
0 0 0 0 1 1 1 7 0 27 0 40 40 40 0 0 0 0 0 0 0 0 0 0 0 0 0 0
0 0 0 0 1 1 1 16 0 47 0 40 160 161 0 0 0 0 0 0 0 0 0 0 0 0 0 0
0 0 0 0 0 1 1 14 0 46 0 4 160 161 0 0 0 0 0 0 0 0 0 0 0 0 0 0
0 0 0 0 0 0 0 6 0 35 0 0 0 164 0 0 0 0 0 0 0 0 0 0 0 0 0 0
0 0 0 0 0 0 0 3 0 25 0 0 0 0 0 0 0 0 0 0 0 0 0 0 0 0 0 0
0 0 0 0 0 0 0 3 0 25 0 0 0 0 0 0 0 0 0 0 0 0 0 0 0 0 0 0
0 0 0 0 0 1 1 6 0 27 0 4 40 46 0 0 0 0 0 0 0 0 0 0 0 0 0 0
0 0 0 0 0 1 1 4 0 12 0 4 40 40 0 0 0 0 0 0 0 0 0 0 0 0 0 0
0 0 0 0 0 0 1 2 0 13 0 0 1 40 0 0 0 0 0 0 0 1 0 10 0 0 0 32
0 0 0 0 0 0 0 2 0 12 0 0 0 32 0 0 0 0 0 0 0 1 0 10 0 0 0 32
0 0 0 0 0 0 0 0 0 0 0 0 0 0 0 0 0 0 0 0 0 0 0 0 0 0 0 0
0 0 0 0 0 0 0 0 0 0 0 0 0 0 0 0 0 0 0 0 0 0 0 0 0 0 0 0
0 0 0 0 0 0 0 0 0 6 0 0 0 0 0 0 0 0 0 0 0 0 0 0 0 0 0 0
0 0 0 0 0 0 1 2 0 9 0 0 1 46 0 0 0 0 0 0 0 0 0 0 0 0 0 0
0 0 0 0 0 1 1 2 0 10 0 0 40 40 0 0 0 0 0 0 0 0 0 0 0 0 0 0
0 0 0 0 0 0 0 1 0 7 0 0 0 32 0 0 0 0 0 0 0 0 0 0 0 0 0 0
0 0 0 0 0 0 0 0 0 0 0 0 0 0 0 0 0 0 0 0 0 0 0 0 0 0 0 0
0 0 0 0 0 0 0 0 0 0 0 0 0 0 0 0 0 0 0 0 0 0 0 0 0 0 0 0
0 0 0 0 0 0 0 0 0 5 0 0 0 0 0 0 0 0 0 0 0 0 0 0 0 0 0 0
0 0 0 0 0 1 1 2 0 9 0 0 40 40 0 0 0 0 0 0 0 1 0 10 0 0 0 0
0 0 0 0 0 1 1 3 0 11 0 0 40 40 0 0 0 0 0 0 0 1 0 10 0 0 0 0
0 0 0 0 0 1 1 10 0 35 0 4 53 160 0 0 0 0 0 0 0 0 0 0 0 0 0 0
0 0 0 0 1 1 1 13 0 41 0 40 160 160 0 0 0 0 0 0 0 1 0 10 0 0 0 32
0 0 0 0 0 1 1 6 0 24 0 0 40 84 0 0 0 0 0 0 1 8 0 52 0 0 1 67
0 0 0 0 0 0 0 1 0 7 0 0 0 32 0 0 0 0 0 0 0 6 0 51 0 0 0 0
0 0 0 0 0 0 1 2 0 8 0 0 1 40 0 0 0 0 0 0 0 0 0 0 0 0 0 0
0 0 0 0 1 1 1 13 0 64 0 40 41 71 0 0 0 0 0 0 0 0 0 0 0 0 0 0
0 0 0 0 1 1 1 37 0 182 0 43 79 421 0 0 0 0 0 0 0 0 0 0 0 0 0 0
0 0 0 0 0 1 1 27 0 172 0 4 41 79 0 0 0 0 0 0 0 0 0 0 0 0 0 0
0 0 0 0 0 0 0 0 0 5 0 0 0 0 0 0 0 0 0 0 0 0 0 0 0 0 0 0
0 0 0 0 0 0 0 0 0 0 0 0 0 0 0 0 0 0 0 0 0 0 0 0 0 0 0 0
0 0 0 0 0 0 0 0 0 0 0 0 0 0 0 0 0 0 0 0 0 0 0 0 0 0 0 0
0 0 0 0 0 0 1 2 0 8 0 0 1 40 0 0 0 0 0 0 0 0 0 0 0 0 0 0
0 0 0 0 0 1 1 2 0 9 0 0 40 40 0 0 0 0 0 0 0 0 0 0 0 0 0 0
0 0 0 0 0 1 2 23 0 113 0 4 74 281 0 0 0 0 0 0 0 0 0 0 0 0 0 0
0 0 0 0 0 1 2 23 0 113 0 4 74 281 0 0 0 0 0 0 0 0 0 0 0 0 0 0
0 0 0 0 0 0 1 2 0 13 0 0 1 40 0 0 0 0 0 0 0 1 0 10 0 0 0 32
0 0 0 0 0 0 0 2 0 12 0 0 0 32 0 0 0 0 0 0 0 1 0 10 0 0 0 32
0 0 0 0 0 0 0 0 0 5 0 0 0 0 0 0 0 0 0 0 0 0 0 0 0 0 0 0
0 0 0 0 0 1 1 2 0 10 0 0 40 40 0 0 0 0 0 0 0 0 0 0 0 0 0 0
0 0 0 0 0 1 1 2 0 10 0 0 40 40 0 0 0 0 0 0 0 0 0 0 0 0 0 0
0 0 0 0 0 1 1 3 0 14 0 0 40 65 0 0 0 0 0 0 0 0 0 0 0 0 0 0
0 0 0 0 1 1 1 13 0 41 0 43 160 160 0 0 0 0 0 0 0 0 0 0 0 0 0 0
0 0 0 0 0 1 1 10 0 40 0 0 160 160 0 0 0 0 0 0 0 0 0 0 0 0 0 0
0 0 0 0 0 0 0 0 0 0 0 0 0 0 0 0 0 0 0 0 0 0 0 0 0 0 0 0
0 0 0 0 0 0 1 2 0 8 0 0 1 40 0 0 0 0 0 0 0 0 0 0 0 0 0 0
0 0 0 0 0 1 1 4 0 12 0 4 40 40 0 0 0 0 0 0 0 0 0 0 0 0 0 0
0 0 0 0 0 1 1 2 0 9 0 0 40 40 0 0 0 0 0 0 0 0 0 0 0 0 0 0
0 0 0 0 0 0 0 0 0 5 0 0 0 0 0 0 0 0 0 0 0 0 0 0 0 0 0 0
0 0 0 0 0 0 0 2 0 12 0 0 0 32 0 0 0 0 0 0 0 1 0 10 0 0 0 32
0 0 0 0 0 0 0 2 0 12 0 0 0 32 0 0 0 0 0 0 0 1 0 10 0 0 0 32
0 0 0 0 0 0 0 0 0 0 0 0 0 0 0 0 0 0 0 0 0 0 0 0 0 0 0 0
0 0 0 0 0 0 0 0 0 5 0 0 0 0 0 0 0 0 0 0 0 0 0 0 0 0 0 0
0 0 0 0 0 1 1 3 0 11 0 0 40 40 0 0 0 0 0 0 0 0 0 0 0 0 0 0
0 0 0 0 0 1 1 4 0 12 0 4 40 40 0 0 0 0 0 0 0 0 0 0 0 0 0 0
0 0 0 0 0 0 0 1 0 7 0 0 0 32 0 0 0 0 0 0 0 0 0 0 0 0 0 0
0 0 0 0 0 0 0 0 0 0 0 0 0 0 0 0 0 0 0 0 0 0 0 0 0 0 0 0
0 0 0 0 0 0 0 0 0 0 0 0 0 0 0 0 0 0 0 0 0 0 0 0 0 0 0 0
0 0 0 0 0 0 0 0 0 5 0 0 0 0 0 0 0 0 0 0 0 0 0 0 0 0 0 0
0 0 0 0 0 1 1 3 0 11 0 0 40 40 0 0 0 0 0 0 0 0 0 0 0 0 0 0
0 0 0 0 0 1 1 3 0 11 0 0 40 40 0 0 0 0 0 0 0 0 0 0 0 0 0 0
0 0 0 0 0 0 0 1 0 7 0 0 0 32 0 0 0 0 0 0 0 0 0 0 0 0 0 0
0 0 0 0 1 1 1 56 0 281 0 52 161 527 0 0 0 0 0 0 0 0 0 0 0 0 0 0
0 0 1 0 1 2 5 117 0 515 0 160 183 1846 0 0 1 0 0 1 4 83 0 514 0 0 41 789
0 0 0 0 0 1 1 62 0 439 0 0 42 117 0 0 1 0 0 1 4 84 0 514 0 0 74 791
0 0 0 0 0 1 1 2 0 9 0 0 40 40 0 0 0 0 0 0 0 1 0 10 0 0 0 0
0 0 0 0 1 1 1 48 0 170 0 40 684 684 0 0 0 0 0 0 0 0 0 0 0 0 0 0
0 0 0 0 1 1 2 92 0 230 0 515 684 748 0 0 0 0 0 0 0 0 0 0 0 0 0 0
0 0 0 0 1 1 2 72 0 203 0 253 684 748 0 0 0 0 0 0 0 0 0 0 0 0 0 0
0 0 0 0 0 0 1 26 0 125 0 0 11 602 0 0 0 0 0 0 0 0 0 0 0 0 0 0
0 0 0 0 0 0 0 0 0 0 0 0 0 0 0 0 0 0 0 0 0 0 0 0 0 0 0 0
0 0 0 0 0 0 1 45 0 268 0 0 0 619 0 0 0 0 0 0 0 0 0 0 0 0 0 0
0 0 0 0 0 1 1 47 0 268 0 0 40 627 0 0 0 0 0 0 0 0 0 0 0 0 0 0
0 0 0 0 1 1 1 4 0 12 0 40 40 40 0 0 0 0 0 0 0 0 0 0 0 0 0 0
0 0 0 0 0 1 1 7 0 41 0 0 40 40 0 0 0 0 0 0 0 0 0 0 0 0 0 0
0 0 0 0 0 1 1 21 0 112 0 0 73 274 0 0 0 0 0 0 0 0 0 0 0 0 0 0
0 0 0 0 0 0 1 16 0 105 0 0 3 73 0 0 0 0 0 0 0 0 0 0 0 0 0 0
0 0 0 0 0 0 0 2 0 12 0 0 0 32 0 0 0 0 0 0 0 1 0 10 0 0 0 32
0 0 0 0 0 0 1 2 0 13 0 0 1 40 0 0 0 0 0 0 0 1 0 10 0 0 0 32
0 0 0 0 0 1 1 2 0 9 0 0 40 40 0 0 0 0 0 0 0 0 0 0 0 0 0 0
0 0 0 0 0 1 1 2 0 9 0 0 40 40 0 0 0 0 0 0 0 0 0 0 0 0 0 0
0 0 0 0 0 0 1 2 0 8 0 0 1 40 0 0 0 0 0 0 0 0 0 0 0 0 0 0
0 0 0 0 0 1 1 6 0 29 0 0 40 138 0 0 0 0 0 0 0 0 0 0 0 0 0 0
0 0 0 0 0 1 1 10 0 40 0 0 160 160 0 0 0 0 0 0 0 0 0 0 0 0 0 0
0 0 0 0 0 0 0 5 0 28 0 0 0 132 0 0 0 0 0 0 0 0 0 0 0 0 0 0
0 0 0 0 0 0 1 2 0 8 0 0 1 40 0 0 0 0 0 0 0 0 0 0 0 0 0 0
0 0 0 0 0 1 1 4 0 12 0 4 40 40 0 0 0 0 0 0 0 0 0 0 0 0 0 0
0 0 0 0 0 1 1 2 0 9 0 0 40 40 0 0 0 0 0 0 0 0 0 0 0 0 0 0
0 0 0 0 0 0 0 0 0 5 0 0 0 0 0 0 0 0 0 0 0 0 0 0 0 0 0 0
0 0 0 0 0 0 0 0 0 0 0 0 0 0 0 0 0 0 0 0 0 0 0 0 0 0 0 0
0 0 0 0 0 0 0 0 0 0 0 0 0 0 0 0 0 0 0 0 0 0 0 0 0 0 0 0
0 0 0 0 0 0 0 2 0 12 0 0 0 32 0 0 0 0 0 0 0 1 0 10 0 0 0 32
0 0 0 0 0 1 1 4 0 15 0 0 40 40 0 0 0 0 0 0 0 1 0 10 0 0 0 32
0 0 0 0 0 1 1 3 0 11 0 0 40 40 0 0 0 0 0 0 0 0 0 0 0 0 0 0
0 0 0 0 0 0 1 2 0 9 0 0 1 40 0 0 0 0 0 0 0 0 0 0 0 0 0 0
0 0 0 0 0 0 0 0 0 5 0 0 0 0 0 0 0 0 0 0 0 0 0 0 0 0 0 0
0 0 0 0 0 0 0 0 0 0 0 0 0 0 0 0 0 0 0 0 0 0 0 0 0 0 0 0
0 0 0 0 0 0 0 0 0 0 0 0 0 0 0 0 0 0 0 0 0 0 0 0 0 0 0 0
0 0 0 0 0 0 0 0 0 5 0 0 0 0 0 0 0 0 0 0 0 0 0 0 0 0 0 0
0 0 0 0 0 0 1 2 0 8 0 0 1 40 0 0 0 0 0 0 0 0 0 0 0 0 0 0
0 0 0 0 0 1 1 2 0 10 0 0 40 40 0 0 0 0 0 0 0 0 0 0 0 0 0 0
0 0 0 0 0 0 1 2 0 9 0 0 1 40 0 0 0 0 0 0 0 0 0 0 0 0 0 0
0 0 0 0 0 0 0 0 0 5 0 0 0 0 0 0 0 0 0 0 0 0 0 0 0 0 0 0
0 0 0 0 0 1 1 10 0 40 0 0 160 160 0 0 0 0 0 0 0 0 0 0 0 0 0 0
0 0 0 0 0 1 1 12 0 41 0 4 160 160 0 0 0 0 0 0 0 1 0 10 0 0 0 32
0 0 0 0 0 0 1 2 0 13 0 0 1 40 0 0 0 0 0 0 0 1 0 10 0 0 0 32
0 0 0 0 0 0 1 2 0 8 0 0 1 40 0 0 0 0 0 0 0 0 0 0 0 0 0 0
0 0 0 0 1 1 2 36 0 187 0 40 80 428 0 0 0 0 0 0 0 0 0 0 0 0 0 0
0 0 0 0 0 1 2 35 0 187 0 4 80 428 0 0 0 0 0 0 0 0 0 0 0 0 0 0
0 0 0 0 0 0 0 0 0 5 0 0 0 0 0 0 0 0 0 0 0 0 0 0 0 0 0 0
0 0 0 0 0 0 0 0 0 0 0 0 0 0 0 0 0 0 0 0 0 0 0 0 0 0 0 0
0 0 0 0 0 0 0 0 0 0 0 0 0 0 0 0 0 0 0 0 0 0 0 0 0 0 0 0
0 0 0 0 0 0 0 0 0 0 0 0 0 0 0 0 0 0 0 0 0 0 0 0 0 0 0 0
0 0 0 0 0 0 0 1 0 7 0 0 0 32 0 0 0 0 0 0 0 0 0 0 0 0 0 0
0 0 0 0 0 1 1 3 0 11 0 0 40 40 0 0 0 0 0 0 0 0 0 0 0 0 0 0
0 0 0 0 1 1 1 24 0 112 0 40 73 274 0 0 0 0 0 0 0 0 0 0 0 0 0 0
0 0 1 0 2 3 7 118 0 477 0 115 459 1743 1 0 5 0 0 2 8 1009 0 7394 0 0 369 1278
0 0 2 0 2 7 10 168 0 707 0 111 515 2905 1 0 5 0 2 9 15 1337 0 7605 0 356 1616 12783
0 0 1 0 1 3 6 149 0 706 0 54 264 3050 0 0 2 0 1 5 10 459 0 2113 0 54 927 6373
0 0 1 0 1 2 3 78 0 464 0 40 88 573 0 0 1 0 0 1 4 130 0 850 0 0 90 645
0 0 0 0 0 1 1 2 0 10 0 0 40 40 0 0 0 0 0 0 0 0 0 0 0 0 0 0
0 0 0 0 0 0 1 2 0 8 0 0 1 40 0 0 0 0 0 0 0 0 0 0 0 0 0 0
0 0 0 0 0 0 0 1 0 7 0 0 0 32 0 0 0 0 0 0 0 0 0 0 0 0 0 0
0 0 0 0 0 1 1 10 0 40 0 0 160 160 0 0 0 0 0 0 0 0 0 0 0 0 0 0
0 0 0 0 0 1 1 10 0 40 0 0 160 160 0 0 0 0 0 0 0 0 0 0 0 0 0 0
0 0 0 0 0 0 0 0 0 5 0 0 0 0 0 0 0 0 0 0 0 0 0 0 0 0 0 0
0 0 0 0 0 1 1 3 0 12 0 0 40 40 0 0 0 0 0 0 0 0 0 0 0 0 0 0
0 0 0 0 0 1 1 4 0 15 0 0 40 65 0 0 0 0 0 0 0 0 0 0 0 0 0 0
0 0 0 0 0 1 1 3 0 12 0 0 40 46 0 0 0 0 0 0 0 0 0 0 0 0 0 0
0 0 0 0 0 0 0 1 0 7 0 0 0 32 0 0 0 0 0 0 0 0 0 0 0 0 0 0
0 0 0 0 0 0 0 0 0 0 0 0 0 0 0 0 0 0 0 0 0 0 0 0 0 0 0 0
0 0 0 0 0 0 0 0 0 0 0 0 0 0 0 0 0 0 0 0 0 0 0 0 0 0 0 0
0 0 0 0 0 1 1 4 0 17 0 0 40 74 0 0 0 0 0 0 1 3 0 16 0 0 1 67
0 0 0 0 1 1 1 6 0 19 0 40 40 74 0 0 0 0 0 0 1 3 0 16 0 0 1 67
0 0 0 0 0 1 1 4 0 12 0 4 40 40 0 0 0 0 0 0 0 0 0 0 0 0 0 0
0 0 0 0 0 0 0 1 0 7 0 0 0 32 0 0 0 0 0 0 0 0 0 0 0 0 0 0
0 0 0 0 0 0 0 0 0 0 0 0 0 0 0 0 0 0 0 0 0 0 0 0 0 0 0 0
0 0 0 0 0 0 0 0 0 0 0 0 0 0 0 0 0 0 0 0 0 0 0 0 0 0 0 0
0 0 0 0 0 0 0 0 0 0 0 0 0 0 0 0 0 0 0 0 0 0 0 0 0 0 0 0
0 0 0 0 0 0 0 1 0 7 0 0 0 32 0 0 0 0 0 0 0 0 0 0 0 0 0 0
0 0 1 0 1 1 8 98 0 504 0 40 54 1850 0 0 1 0 0 0 7 157 0 780 0 0 42 3407
0 0 1 0 1 1 8 98 0 504 0 40 47 1850 0 0 1 0 0 0 7 157 0 780 0 0 42 3407
0 0 0 0 0 1 1 3 0 14 0 0 40 65 0 0 0 0 0 0 0 0 0 0 0 0 0 0
0 0 0 0 0 1 1 7 0 31 0 0 71 143 0 0 0 0 0 0 0 0 0 0 0 0 0 0
0 0 0 0 0 1 1 10 0 40 0 0 160 160 0 0 0 0 0 0 0 0 0 0 0 0 0 0
0 0 0 0 0 0 0 5 0 28 0 0 0 132 0 0 0 0 0 0 0 0 0 0 0 0 0 0
0 0 0 0 0 1 1 4 0 15 0 0 40 40 0 0 0 0 0 0 0 1 0 10 0 0 0 32
0 0 0 0 1 1 1 19 0 66 0 40 79 91 0 0 0 0 0 1 1 3 0 13 0 0 40 52
0 0 0 0 1 1 2 37 0 182 0 40 79 422 0 0 0 0 0 0 0 1 0 9 0 0 0 42
0 0 0 0 0 0 0 22 0 172 0 0 0 0 0 0 0 0 0 0 0 0 0 0 0 0 0 0
0 0 0 0 0 0 0 0 0 0 0 0 0 0 0 0 0 0 0 0 0 0 0 0 0 0 0 0
0 0 0 0 0 0 0 0 0 0 0 0 0 0 0 0 0 0 0 0 0 0 0 0 0 0 0 0
0 0 0 0 0 0 0 1 0 7 0 0 0 32 0 0 0 0 0 0 0 0 0 0 0 0 0 0
0 0 0 0 0 1 1 5 0 20 0 0 40 74 0 0 0 0 0 0 0 2 0 14 0 0 0 32
0 0 0 0 0 1 1 4 0 19 0 0 40 74 0 0 0 0 0 0 0 2 0 14 0 0 0 32
0 0 0 0 0 1 1 22 0 112 0 4 73 274 0 0 0 0 0 0 0 0 0 0 0 0 0 0
0 0 0 0 0 1 1 22 0 112 0 0 73 274 0 0 0 0 0 0 0 0 0 0 0 0 0 0
0 0 0 0 0 0 0 2 0 20 0 0 0 0 0 0 0 0 0 0 0 4 0 36 0 0 0 0
0 0 1 0 2 4 4 50 0 176 0 115 305 510 0 0 1 0 2 5 5 178 0 765 0 88 471 3396
0 0 1 0 2 4 4 89 0 294 0 285 444 1042 0 0 1 0 2 5 6 267 0 969 0 124 1394 4386
0 0 1 0 1 3 3 70 0 279 0 96 336 905 0 0 1 0 1 4 5 163 0 786 0 54 230 3276
0 0 1 0 3 3 4 100 0 321 0 312 376 1122 0 0 1 0 2 5 5 230 0 917 0 88 758 3865
0 0 1 0 1 3 3 72 0 294 0 55 336 998 0 0 1 0 1 2 5 160 0 786 0 54 116 3276
0 0 1 0 0 0 3 40 0 255 0 0 5 302 0 0 1 0 0 0 5 91 0 622 0 0 2 530
0 0 1 0 1 1 3 51 0 256 0 124 161 309 0 0 1 0 0 0 5 91 0 622 0 0 2 530
0 0 0 0 1 2 2 45 0 174 0 160 167 295 0 0 0 0 0 2 3 77 0 498 0 0 92 481
0 0 1 0 2 2 3 75 0 297 0 111 290 1109 0 0 1 0 1 4 5 169 0 787 0 55 552 3276
0 0 1 0 1 3 5 103 0 499 0 63 199 1630 0 0 1 0 0 6 6 173 0 803 0 0 612 3441
0 0 0 0 0 1 2 63 0 438 0 4 48 170 0 0 1 0 0 0 4 82 0 522 0 0 0 779
0 0 0 0 0 0 0 0 0 5 0 0 0 0 0 0 0 0 0 0 0 0 0 0 0 0 0 0
0 0 0 0 0 0 0 0 0 0 0 0 0 0 0 0 0 0 0 0 0 0 0 0 0 0 0 0
0 0 0 0 0 0 0 0 0 0 0 0 0 0 0 0 0 0 0 0 0 0 0 0 0 0 0 0
0 0 0 0 0 0 0 0 0 6 0 0 0 0 0 0 0 0 0 0 0 0 0 0 0 0 0 0
0 0 0 0 0 1 1 4 0 15 0 0 40 46 0 0 0 0 0 0 0 1 0 10 0 0 0 32
0 0 0 0 0 1 1 4 0 15 0 0 40 46 0 0 0 0 0 0 0 1 0 10 0 0 0 32
0 0 0 0 0 0 0 1 0 7 0 0 0 32 0 0 0 0 0 0 0 0 0 0 0 0 0 0
0 0 0 0 0 0 0 0 0 5 0 0 0 0 0 0 0 0 0 0 0 0 0 0 0 0 0 0
0 0 0 0 0 0 0 0 0 0 0 0 0 0 0 0 0 0 0 0 0 0 0 0 0 0 0 0
0 0 0 0 0 0 1 7 0 43 0 0 1 46 0 0 0 0 0 0 0 2 0 16 0 0 0 0
0 0 1 0 1 2 3 47 0 252 0 40 92 340 0 0 1 0 0 2 3 93 0 620 0 0 111 421
0 0 1 0 0 1 2 40 0 249 0 0 41 294 0 0 1 0 0 1 3 91 0 620 0 0 54 418
0 0 0 0 0 0 1 2 0 8 0 0 1 40 0 0 0 0 0 0 0 0 0 0 0 0 0 0
0 0 0 0 0 0 1 2 0 8 0 0 1 40 0 0 0 0 0 0 0 0 0 0 0 0 0 0
0 0 0 0 0 0 0 0 0 0 0 0 0 0 0 0 0 0 0 0 0 0 0 0 0 0 0 0
0 0 0 0 0 1 1 10 0 40 0 0 160 160 0 0 0 0 0 0 0 0 0 0 0 0 0 0
0 0 0 0 0 1 1 11 0 40 0 0 160 160 0 0 0 0 0 0 0 0 0 0 0 0 0 0
0 0 0 0 0 0 0 1 0 7 0 0 0 32 0 0 0 0 0 0 0 0 0 0 0 0 0 0
0 0 0 0 0 1 1 4 0 15 0 0 40 40 0 0 0 0 0 0 0 1 0 10 0 0 0 32
0 0 0 0 1 1 1 38 0 182 0 40 79 424 0 0 0 0 0 0 0 1 0 10 0 0 0 32
0 0 0 0 0 1 1 34 0 182 0 4 79 421 0 0 0 0 0 0 0 0 0 0 0 0 0 0
0 0 0 0 0 0 0 0 0 0 0 0 0 0 0 0 0 0 0 0 0 0 0 0 0 0 0 0
0 0 0 0 0 0 0 5 0 43 0 0 0 0 0 0 0 0 0 0 0 2 0 11 0 0 0 39
0 0 0 0 0 0 1 6 0 43 0 0 1 40 0 0 0 0 0 0 0 2 0 11 0 0 0 39
0 0 1 0 1 1 3 43 0 254 0 40 43 302 0 0 1 0 0 0 4 91 0 630 0 0 2 433
0 0 1 0 0 1 3 42 0 254 0 4 51 302 0 0 1 0 0 0 4 91 0 630 0 0 2 433
0 0 0 0 1 1 2 34 0 147 0 40 85 341 0 0 0 0 0 1 2 79 0 523 0 4 118 320
0 0 0 0 1 2 3 47 0 179 0 43 320 737 0 0 0 0 0 1 2 79 0 523 0 4 118 320
0 0 0 0 0 0 0 13 0 105 0 0 0 0 0 0 0 0 0 0 0 0 0 0 0 0 0 0
0 0 1 0 0 0 1 22 0 157 0 0 2 52 0 0 1 0 0 0 0 119 0 918 0 0 0 0
0 0 1 0 2 4 7 130 0 399 10 298 1022 1227 0 0 2 0 4 5 7 359 0 1274 0 249 3827 4657
0 0 1 0 2 4 4 110 0 373 10 290 475 1172 0 0 1 0 3 5 6 241 0 915 0 175 789 3857
0 0 0 0 1 1 1 6 0 17 0 40 40 40 0 0 0 0 0 0 1 2 0 11 0 0 1 40
0 0 0 0 0 1 1 4 0 15 0 0 40 40 0 0 0 0 0 0 0 1 0 10 0 0 0 32
0 0 0 0 0 0 0 0 0 0 0 0 0 0 0 0 0 0 0 0 0 0 0 0 0 0 0 0
0 0 0 0 0 0 0 2 0 20 0 0 0 0 0 0 0 0 0 0 0 0 0 0 0 0 0 0
0 0 0 0 0 1 1 11 0 40 0 0 160 160 0 0 0 0 0 0 0 0 0 0 0 0 0 0
0 0 0 0 1 1 3 59 0 262 0 62 162 777 0 0 0 0 0 0 3 88 0 631 0 0 2 280
0 0 0 0 0 1 3 51 0 262 0 4 58 777 0 0 0 0 0 1 3 89 0 631 0 0 40 280
0 0 0 0 0 1 1 2 0 9 0 0 40 40 0 0 0 0 0 0 1 3 0 17 0 0 1 71
0 0 0 0 0 0 1 2 0 8 0 0 1 40 0 0 0 0 0 0 0 3 0 16 0 0 0 64
0 0 0 0 0 0 0 0 0 0 0 0 0 0 0 0 0 0 0 0 0 0 0 0 0 0 0 0
0 0 0 0 0 0 0 0 0 0 0 0 0 0 0 0 0 0 0 0 0 0 0 0 0 0 0 0
0 0 0 0 0 0 0 19 0 143 0 0 0 32 0 0 0 0 0 0 0 15 0 116 0 0 0 0
0 0 0 0 0 1 1 22 0 143 0 4 40 52 0 0 0 0 0 0 0 15 0 116 0 0 0 0
0 0 0 0 1 1 1 7 0 18 0 40 40 52 0 0 0 0 0 0 0 1 0 10 0 0 0 32
0 0 0 0 0 1 1 4 0 16 0 4 40 40 0 0 0 0 0 0 0 1 0 10 0 0 0 32
0 0 0 0 0 0 0 0 0 0 0 0 0 0 0 0 0 0 0 0 0 0 0 0 0 0 0 0
0 0 0 0 1 1 2 60 0 374 0 40 61 282 0 0 0 0 1 2 2 86 0 558 0 54 125 302
0 0 0 0 1 1 2 60 0 374 0 40 61 282 0 0 0 0 1 2 2 86 0 558 0 54 125 302
0 0 0 0 0 0 0 1 0 7 0 0 0 32 0 0 0 0 0 0 0 0 0 0 0 0 0 0
0 0 0 0 0 1 1 4 0 12 0 4 40 40 0 0 0 0 0 0 0 0 0 0 0 0 0 0
0 0 0 0 0 1 1 3 0 11 0 0 40 40 0 0 0 0 0 0 0 0 0 0 0 0 0 0
0 0 0 0 0 0 0 0 0 5 0 0 0 0 0 0 0 0 0 0 0 0 0 0 0 0 0 0
0 0 0 0 0 0 0 0 0 0 0 0 0 0 0 0 0 0 0 0 0 0 0 0 0 0 0 0
0 0 0 0 0 0 0 0 0 0 0 0 0 0 0 0 0 0 0 0 0 0 0 0 0 0 0 0
0 0 0 0 0 1 1 11 0 40 0 0 160 160 0 0 0 0 0 0 0 0 0 0 0 0 0 0
0 0 1 0 1 3 3 62 0 255 0 160 311 340 0 0 1 0 1 2 4 157 0 782 0 48 129 3223
0 0 1 0 1 3 3 55 0 254 0 71 311 340 0 0 1 0 1 2 4 157 0 782 0 48 129 3223
0 0 0 0 1 1 1 41 0 182 0 71 79 424 0 0 0 0 0 0 0 1 0 10 0 0 0 32
0 0 0 0 1 1 1 36 0 182 0 40 79 424 0 0 0 0 0 0 0 1 0 10 0 0 0 32
0 0 0 0 0 0 0 0 0 0 0 0 0 0 0 0 0 0 0 0 0 0 0 0 0 0 0 0
0 0 0 0 0 0 0 0 0 0 0 0 0 0 0 0 0 0 0 0 0 0 0 0 0 0 0 0
0 0 0 0 0 0 1 2 0 8 0 0 1 40 0 0 0 0 0 0 0 0 0 0 0 0 0 0
0 0 0 0 0 1 1 3 0 11 0 0 40 40 0 0 0 0 0 0 0 0 0 0 0 0 0 0
0 0 0 0 0 0 1 2 0 9 0 0 1 40 0 0 0 0 0 0 0 0 0 0 0 0 0 0
0 0 0 0 0 0 0 0 0 6 0 0 0 0 0 0 0 0 0 0 0 0 0 0 0 0 0 0
0 0 0 0 0 1 1 21 0 112 0 0 73 274 0 0 0 0 0 0 0 0 0 0 0 0 0 0
0 0 0 0 0 1 1 21 0 112 0 0 73 274 0 0 0 0 0 0 0 0 0 0 0 0 0 0
0 0 0 0 0 0 0 0 0 5 0 0 0 0 0 0 0 0 0 0 0 0 0 0 0 0 0 0
0 0 0 0 0 0 0 1 0 7 0 0 0 32 0 0 0 0 0 0 0 0 0 0 0 0 0 0
0 0 0 0 0 1 1 2 0 9 0 0 40 40 0 0 0 0 0 0 0 0 0 0 0 0 0 0
0 0 0 0 0 1 1 3 0 11 0 0 40 40 0 0 0 0 0 0 0 0 0 0 0 0 0 0
0 0 0 0 0 1 1 4 0 16 0 0 40 65 0 0 0 0 0 0 0 1 0 10 0 0 0 32
0 0 0 0 0 1 1 4 0 17 0 0 41 71 0 0 0 0 0 0 0 1 0 10 0 0 0 32
0 0 0 0 0 0 0 1 0 9 0 0 0 0 0 0 0 0 0 0 0 0 0 0 0 0 0 0
0 0 0 0 1 1 3 64 0 285 0 160 162 775 0 0 0 0 0 1 3 89 0 631 0 0 40 280
0 0 0 0 1 1 3 65 0 284 0 160 162 775 0 0 0 0 0 1 3 89 0 631 0 0 40 280
0 0 0 0 0 1 1 4 0 12 0 4 40 40 0 0 0 0 0 0 0 3 0 16 0 0 0 64
0 0 0 0 0 1 1 3 0 11 0 0 40 40 0 0 0 0 0 0 0 3 0 16 0 0 0 64
0 0 0 0 0 0 0 0 0 6 0 0 0 0 0 0 0 0 0 0 0 0 0 0 0 0 0 0
0 0 0 0 0 0 0 0 0 0 0 0 0 0 0 0 0 0 0 0 0 0 0 0 0 0 0 0
0 0 0 0 0 0 0 0 0 0 0 0 0 0 0 0 0 0 0 0 0 0 0 0 0 0 0 0
0 0 0 0 0 0 1 2 0 9 0 0 1 40 0 0 0 0 0 0 0 0 0 0 0 0 0 0
0 0 0 0 0 1 1 3 0 11 0 0 40 46 0 0 0 0 0 0 0 0 0 0 0 0 0 0
0 0 0 0 0 0 0 1 0 7 0 0 0 32 0 0 0 0 0 0 0 0 0 0 0 0 0 0
0 0 0 0 0 0 0 0 0 0 0 0 0 0 0 0 0 0 0 0 0 0 0 0 0 0 0 0
0 0 0 0 0 0 0 2 0 12 0 0 0 32 0 0 0 0 0 0 0 1 0 10 0 0 0 32
0 0 0 0 0 0 0 2 0 12 0 0 0 32 0 0 0 0 0 0 0 1 0 10 0 0 0 32
0 0 0 0 0 0 0 0 0 5 0 0 0 0 0 0 0 0 0 0 0 0 0 0 0 0 0 0
0 0 0 0 0 0 1 2 0 8 0 0 1 40 0 0 0 0 0 0 0 0 0 0 0 0 0 0
0 0 0 0 0 1 1 2 0 9 0 0 40 40 0 0 0 0 0 0 0 0 0 0 0 0 0 0
0 0 0 0 0 0 1 2 0 9 0 0 1 40 0 0 0 0 0 0 0 0 0 0 0 0 0 0
0 0 0 0 0 0 0 0 0 6 0 0 0 0 0 0 0 0 0 0 0 0 0 0 0 0 0 0
0 0 0 0 0 0 0 0 0 0 0 0 0 0 0 0 0 0 0 0 0 0 0 0 0 0 0 0
0 0 0 0 0 0 0 0 0 0 0 0 0 0 0 0 0 0 0 0 0 0 0 0 0 0 0 0
0 0 0 0 0 0 1 2 0 8 0 0 1 40 0 0 0 0 0 0 0 0 0 0 0 0 0 0
0 0 0 0 1 1 1 14 0 43 0 40 160 160 0 0 0 0 0 0 0 0 0 0 0 0 0 0
0 0 0 0 1 1 1 13 0 43 0 40 160 160 0 0 0 0 0 0 0 0 0 0 0 0 0 0
0 0 0 0 0 1 1 34 0 182 0 4 79 421 0 0 0 0 0 0 0 0 0 0 0 0 0 0
0 0 0 0 1 1 1 58 0 216 0 79 506 684 0 0 0 0 0 0 0 1 0 10 0 0 0 32
0 0 0 0 1 1 1 59 0 188 0 45 684 684 0 0 0 0 0 0 0 1 0 10 0 0 0 32
0 0 0 0 0 1 1 45 0 170 0 0 684 684 0 0 0 0 0 0 0 0 0 0 0 0 0 0
0 0 0 0 0 1 1 24 0 122 0 0 40 568 0 0 0 0 0 0 0 0 0 0 0 0 0 0
0 0 0 0 0 1 1 14 0 87 0 0 40 40 0 0 0 0 0 0 0 0 0 0 0 0 0 0
0 0 0 0 0 0 1 2 0 8 0 0 1 40 0 0 0 0 0 0 0 0 0 0 0 0 0 0
0 0 0 0 0 0 0 1 0 7 0 0 0 32 0 0 0 0 0 0 0 0 0 0 0 0 0 0
0 0 0 0 0 1 1 22 0 112 0 0 73 274 0 0 0 0 0 0 0 0 0 0 0 0 0 0
0 0 0 0 0 1 1 21 0 112 0 0 73 274 0 0 0 0 0 0 0 0 0 0 0 0 0 0
0 0 0 0 0 0 0 0 0 0 0 0 0 0 0 0 0 0 0 0 0 0 0 0 0 0 0 0
0 0 0 0 1 1 2 34 0 166 0 40 63 295 0 0 0 0 0 1 2 68 0 494 0 0 80 90
0 0 0 0 1 2 2 36 0 166 0 40 119 295 0 0 0 0 0 2 2 77 0 496 0 8 88 368
0 0 1 0 1 2 3 41 0 230 0 40 111 302 0 0 1 0 0 1 5 100 0 622 0 4 97 566
0 0 1 0 0 1 3 38 0 230 0 0 43 302 0 0 1 0 0 1 5 92 0 621 0 0 40 498
0 0 0 0 0 0 0 2 0 12 0 0 0 32 0 0 0 0 0 0 0 1 0 10 0 0 0 32
0 0 0 0 0 0 0 2 0 12 0 0 0 32 0 0 0 0 0 0 0 1 0 10 0 0 0 32
0 0 0 0 0 0 0 1 0 7 0 0 0 32 0 0 0 0 0 0 0 0 0 0 0 0 0 0
0 0 0 0 1 1 1 12 0 40 0 40 160 160 0 0 0 0 0 0 0 0 0 0 0 0 0 0
0 0 0 0 0 1 1 12 0 40 0 4 160 160 0 0 0 0 0 0 0 0 0 0 0 0 0 0
0 0 0 0 0 0 1 2 0 9 0 0 1 40 0 0 0 0 0 0 0 0 0 0 0 0 0 0
0 0 1 0 0 0 1 46 0 348 0 0 1 46 0 0 0 0 0 0 0 0 0 0 0 0 0 0
0 0 1 0 0 0 4 90 0 428 0 0 46 1645 0 0 0 0 0 0 0 0 0 0 0 0 0 0
0 0 0 0 0 0 2 45 0 257 0 0 0 755 0 0 0 0 0 0 0 0 0 0 0 0 0 0
0 0 0 0 0 0 0 0 0 0 0 0 0 0 0 0 0 0 0 0 0 0 0 0 0 0 0 0
0 0 0 0 0 1 1 2 0 9 0 0 40 40 0 0 0 0 0 0 0 0 0 0 0 0 0 0
0 0 0 0 0 1 1 4 0 12 0 4 40 40 0 0 0 0 0 0 0 0 0 0 0 0 0 0
0 0 0 0 0 0 1 2 0 8 0 0 1 40 0 0 0 0 0 0 0 0 0 0 0 0 0 0
0 0 0 0 0 2 2 26 0 101 0 4 257 364 0 0 0 0 0 2 3 94 0 521 0 0 87 1236
0 0 0 0 1 2 2 28 0 102 0 41 257 364 0 0 0 0 1 2 3 95 0 520 0 41 87 1236
0 0 0 0 0 0 0 2 0 12 0 0 0 32 0 0 0 0 0 0 0 1 0 10 0 0 0 32
0 0 0 0 0 1 1 2 0 9 0 0 40 40 0 0 0 0 0 0 0 0 0 0 0 0 0 0
0 0 0 0 0 1 1 3 0 11 0 0 40 40 0 0 0 0 0 0 0 0 0 0 0 0 0 0
0 0 0 0 0 0 0 1 0 7 0 0 0 32 0 0 0 0 0 0 0 0 0 0 0 0 0 0
0 0 0 0 0 0 0 0 0 6 0 0 0 0 0 0 0 0 0 0 0 0 0 0 0 0 0 0
0 0 0 0 0 0 0 0 0 0 0 0 0 0 0 0 0 0 0 0 0 0 0 0 0 0 0 0
0 0 0 0 0 0 0 0 0 0 0 0 0 0 0 0 0 0 0 0 0 0 0 0 0 0 0 0
0 0 0 0 0 0 0 1 0 7 0 0 0 32 0 0 0 0 0 0 0 0 0 0 0 0 0 0
0 0 0 0 1 1 1 12 0 40 0 40 160 160 0 0 0 0 0 0 0 0 0 0 0 0 0 0
0 0 0 0 1 1 1 17 0 49 0 40 160 161 0 0 0 0 0 0 0 0 0 0 0 0 0 0
0 0 0 0 1 1 1 16 0 70 0 40 41 202 0 0 0 0 0 0 0 0 0 0 0 0 0 0
0 0 0 0 0 1 1 33 0 182 0 0 79 421 0 0 0 0 0 0 0 0 0 0 0 0 0 0
0 0 0 0 0 0 0 23 0 172 0 0 0 64 0 0 0 0 0 0 0 0 0 0 0 0 0 0
0 0 0 0 0 0 0 2 0 12 0 0 0 32 0 0 0 0 0 0 0 1 0 10 0 0 0 32
0 0 0 0 0 1 1 4 0 15 0 0 40 40 0 0 0 0 0 0 0 1 0 10 0 0 0 32
0 0 0 0 0 0 1 2 0 8 0 0 1 40 0 0 0 0 0 0 0 0 0 0 0 0 0 0
0 0 0 0 0 0 1 2 0 8 0 0 1 40 0 0 0 0 0 0 0 0 0 0 0 0 0 0
0 0 0 0 0 0 1 2 0 8 0 0 1 40 0 0 0 0 0 0 0 0 0 0 0 0 0 0
0 0 0 0 0 1 1 21 0 112 0 0 73 274 0 0 0 0 0 0 0 0 0 0 0 0 0 0
0 0 0 0 0 1 1 21 0 112 0 0 73 274 0 0 0 0 0 0 0 0 0 0 0 0 0 0
0 0 0 0 0 0 0 0 0 0 0 0 0 0 0 0 0 0 0 0 0 0 0 0 0 0 0 0
0 0 0 0 0 0 0 1 0 7 0 0 0 32 0 0 0 0 0 0 0 0 0 0 0 0 0 0
0 0 0 0 0 1 1 3 0 11 0 0 40 40 0 0 0 0 0 0 0 0 0 0 0 0 0 0
0 0 0 0 0 1 1 4 0 14 0 4 40 40 0 0 0 0 0 0 0 0 0 0 0 0 0 0
0 0 0 0 0 1 1 5 0 18 0 0 41 78 0 0 0 0 0 0 0 0 0 0 0 0 0 0
0 0 0 0 0 1 1 12 0 58 0 0 78 149 0 0 0 0 0 0 0 0 0 0 0 0 0 0
0 0 0 0 0 1 1 14 0 65 0 0 46 242 0 0 0 0 0 0 0 1 0 10 0 0 0 32
0 0 0 0 0 1 1 6 0 34 0 0 40 40 0 0 0 0 0 0 0 1 0 10 0 0 0 32
0 0 0 0 0 1 1 2 0 9 0 0 40 40 0 0 0 0 0 0 0 0 0 0 0 0 0 0
0 0 0 0 1 1 1 12 0 40 0 40 160 160 0 0 0 0 0 0 0 0 0 0 0 0 0 0
0 0 0 0 0 1 1 12 0 40 0 4 160 160 0 0 0 0 0 0 0 0 0 0 0 0 0 0
0 0 0 0 0 0 0 0 0 5 0 0 0 0 0 0 0 0 0 0 0 0 0 0 0 0 0 0
0 0 0 0 0 0 0 0 0 0 0 0 0 0 0 0 0 0 0 0 0 0 0 0 0 0 0 0
0 0 0 0 0 0 0 0 0 0 0 0 0 0 0 0 0 0 0 0 0 0 0 0 0 0 0 0
0 0 0 0 0 0 0 0 0 5 0 0 0 0 0 0 0 0 0 0 0 0 0 0 0 0 0 0
0 0 0 0 0 0 1 2 0 8 0 0 1 40 0 0 0 0 0 0 0 0 0 0 0 0 0 0
0 0 0 0 0 0 0 1 0 7 0 0 0 32 0 0 0 0 0 0 0 0 0 0 0 0 0 0
0 0 0 0 0 0 0 0 0 0 0 0 0 0 0 0 0 0 0 0 0 0 0 0 0 0 0 0
0 0 0 0 0 0 0 0 0 0 0 0 0 0 0 0 0 0 0 0 0 0 0 0 0 0 0 0
0 0 0 0 0 0 0 0 0 0 0 0 0 0 0 0 0 0 0 0 0 0 0 0 0 0 0 0
0 0 0 0 0 0 1 2 0 13 0 0 1 40 0 0 0 0 0 0 0 1 0 10 0 0 0 32
0 0 0 0 0 0 1 2 0 13 0 0 1 40 0 0 0 0 0 0 0 1 0 10 0 0 0 32
0 0 0 0 0 0 0 0 0 5 0 0 0 0 0 0 0 0 0 0 0 0 0 0 0 0 0 0
0 0 0 0 0 0 0 1 0 7 0 0 0 32 0 0 0 0 0 0 0 0 0 0 0 0 0 0
0 0 0 0 0 0 0 0 0 5 0 0 0 0 0 0 0 0 0 0 0 0 0 0 0 0 0 0
0 0 0 0 0 0 0 2 0 12 0 0 0 58 0 0 0 0 0 0 0 0 0 0 0 0 0 0
0 0 0 0 0 0 0 2 0 12 0 0 0 58 0 0 0 0 0 0 0 0 0 0 0 0 0 0
0 0 0 0 0 0 0 1 0 7 0 0 0 32 0 0 0 0 0 0 0 0 0 0 0 0 0 0
0 0 0 0 0 0 1 2 0 8 0 0 1 40 0 0 0 0 0 0 0 0 0 0 0 0 0 0
0 0 0 0 0 1 1 11 0 40 0 0 160 160 0 0 0 0 0 0 0 0 0 0 0 0 0 0
0 0 0 0 0 1 1 10 0 40 0 0 160 160 0 0 0 0 0 0 0 0 0 0 0 0 0 0
0 0 0 0 0 0 0 0 0 0 0 0 0 0 0 0 0 0 0 0 0 0 0 0 0 0 0 0
0 0 0 0 0 0 0 0 0 0 0 0 0 0 0 0 0 0 0 0 0 0 0 0 0 0 0 0
0 0 0 0 0 0 0 0 0 0 0 0 0 0 0 0 0 0 0 0 0 0 0 0 0 0 0 0
0 0 0 0 0 0 0 2 0 12 0 0 0 32 0 0 0 0 0 0 0 1 0 10 0 0 0 32
0 0 0 0 0 0 1 3 0 14 0 0 1 46 0 0 0 0 0 0 0 1 0 10 0 0 0 32
0 0 0 0 0 0 0 0 0 6 0 0 0 0 0 0 0 0 0 0 0 0 0 0 0 0 0 0
0 0 0 0 0 0 0 0 0 5 0 0 0 0 0 0 0 0 0 0 0 0 0 0 0 0 0 0
0 0 0 0 0 1 1 13 0 62 0 0 41 274 0 0 0 0 0 0 0 6 0 47 0 0 0 0
0 0 0 0 0 1 2 27 0 121 0 0 85 359 0 0 0 0 0 0 0 6 0 47 0 0 0 0
0 0 0 0 0 0 1 15 0 105 0 0 1 67 0 0 0 0 0 0 0 0 0 0 0 0 0 0
0 0 0 0 0 0 0 1 0 7 0 0 0 32 0 0 0 0 0 0 0 0 0 0 0 0 0 0
0 0 0 0 0 0 0 1 0 7 0 0 0 32 0 0 0 0 0 0 0 0 0 0 0 0 0 0
0 0 0 0 0 0 0 0 0 5 0 0 0 0 0 0 0 0 0 0 0 0 0 0 0 0 0 0
0 0 0 0 0 0 0 0 0 0 0 0 0 0 0 0 0 0 0 0 0 0 0 0 0 0 0 0
0 0 0 0 0 0 0 0 0 0 0 0 0 0 0 0 0 0 0 0 0 0 0 0 0 0 0 0
0 0 0 0 0 0 0 0 0 0 0 0 0 0 0 0 0 0 0 0 0 0 0 0 0 0 0 0
0 0 0 0 0 0 0 1 0 7 0 0 0 32 0 0 0 0 0 0 0 0 0 0 0 0 0 0
0 0 0 0 0 1 1 3 0 14 0 0 40 40 0 0 0 0 0 0 0 1 0 10 0 0 0 32
0 0 0 0 0 1 1 10 0 36 0 4 97 160 0 0 0 0 0 0 0 1 0 10 0 0 0 32
0 0 0 0 0 1 1 11 0 40 0 0 160 160 0 0 0 0 0 0 0 0 0 0 0 0 0 0
0 0 0 0 0 0 1 21 0 104 0 0 8 501 0 0 0 0 0 0 0 0 0 0 0 0 0 0
0 0 0 0 0 1 1 35 0 135 0 0 435 576 0 0 0 0 0 0 0 0 0 0 0 0 0 0
0 0 1 0 1 2 5 43 0 119 0 157 338 441 0 0 0 0 0 0 0 7 0 58 0 0 0 0
0 0 1 1 2 3 3 74 0 131 96 255 339 497 0 0 0 0 0 0 0 7 0 58 0 0 0 0
0 0 1 1 2 3 3 106 0 174 165 318 515 676 0 0 0 0 0 0 0 0 0 0 0 0 0 0
0 0 1 1 2 3 4 83 0 173 113 215 535 709 0 0 0 0 0 0 0 0 0 0 0 0 0 0
0 0 0 0 1 1 2 44 0 133 0 117 158 630 0 0 0 0 0 0 1 6 0 34 0 0 4 81
0 0 0 0 1 1 1 25 0 96 0 73 153 153 0 0 0 0 0 0 1 6 0 34 0 0 4 81
0 0 0 0 1 1 1 23 0 96 0 73 153 153 0 0 0 0 0 0 0 1 0 10 0 0 0 0
0 0 0 0 1 1 1 27 0 99 0 73 153 202 0 0 0 0 0 0 0 1 0 10 0 0 0 0
0 0 0 0 1 1 1 18 0 45 0 73 153 153 0 0 0 0 0 0 0 1 0 10 0 0 0 32
0 0 0 0 1 1 1 16 0 38 0 73 96 153 0 0 0 0 0 0 0 1 0 10 0 0 0 32
0 0 0 0 1 1 1 14 0 36 0 50 76 153 0 0 0 0 0 0 0 0 0 0 0 0 0 0
0 0 0 0 1 1 1 12 0 36 0 50 76 153 0 0 0 0 0 0 0 0 0 0 0 0 0 0
0 0 0 0 1 1 1 23 0 96 0 73 153 153 0 0 0 0 0 0 0 0 0 0 0 0 0 0
0 0 0 0 1 1 1 23 0 96 0 73 153 153 0 0 0 0 0 0 0 0 0 0 0 0 0 0
0 0 0 0 1 1 1 13 0 36 0 43 76 153 0 0 0 0 0 0 0 0 0 0 0 0 0 0
0 0 0 0 1 1 1 14 0 36 0 43 76 153 0 0 0 0 0 0 0 0 0 0 0 0 0 0
0 0 0 0 1 1 1 13 0 36 0 43 76 153 0 0 0 0 0 0 0 0 0 0 0 0 0 0
0 0 0 0 1 1 1 23 0 51 0 153 160 160 0 0 0 0 0 0 0 0 0 0 0 0 0 0
0 0 0 0 1 1 1 22 0 51 0 153 160 160 0 0 0 0 0 0 0 0 0 0 0 0 0 0
0 0 0 0 0 0 1 6 0 28 0 0 3 138 0 0 0 0 0 0 0 0 0 0 0 0 0 0
0 0 0 0 0 0 0 0 0 0 0 0 0 0 0 0 0 0 0 0 0 0 0 0 0 0 0 0
0 0 0 0 0 0 0 1 0 7 0 0 0 32 0 0 0 0 0 0 0 0 0 0 0 0 0 0
0 0 0 0 1 1 1 6 0 18 0 40 40 72 0 0 0 0 0 1 1 7 0 38 0 0 41 85
0 0 0 0 1 1 1 17 0 88 0 40 41 91 0 0 0 0 0 1 1 7 0 38 0 0 41 85
0 0 0 0 0 1 1 13 0 87 0 0 40 40 0 0 0 0 0 0 0 0 0 0 0 0 0 0
0 0 0 0 0 0 0 0 0 5 0 0 0 0 0 0 0 0 0 0 0 0 0 0 0 0 0 0
0 0 0 0 0 1 1 21 0 112 0 0 73 274 0 0 0 0 0 0 0 0 0 0 0 0 0 0
0 0 0 0 0 1 1 21 0 112 0 0 73 274 0 0 0 0 0 0 0 0 0 0 0 0 0 0
0 0 0 0 0 0 0 0 0 5 0 0 0 0 0 0 0 0 0 0 0 0 0 0 0 0 0 0
0 0 0 0 0 1 1 2 0 9 0 0 40 40 0 0 0 0 0 0 0 0 0 0 0 0 0 0
0 0 0 0 0 1 1 4 0 12 0 4 40 40 0 0 0 0 0 0 0 0 0 0 0 0 0 0
0 0 0 0 0 0 1 2 0 8 0 0 1 40 0 0 0 0 0 0 0 0 0 0 0 0 0 0
0 0 0 0 0 0 0 0 0 0 0 0 0 0 0 0 0 0 0 0 0 0 0 0 0 0 0 0
0 0 0 0 0 0 0 0 0 0 0 0 0 0 0 0 0 0 0 0 0 0 0 0 0 0 0 0
0 0 0 0 0 0 0 0 0 0 0 0 0 0 0 0 0 0 0 0 0 0 0 0 0 0 0 0
0 0 0 0 0 1 1 3 0 11 0 0 40 40 0 0 0 0 0 0 0 0 0 0 0 0 0 0
0 0 0 0 1 1 1 6 0 17 0 40 40 40 0 0 0 0 0 0 0 1 0 10 0 0 0 32
0 0 0 0 1 1 1 14 0 41 0 40 160 160 0 0 0 0 0 0 0 1 0 10 0 0 0 32
0 0 0 0 0 1 1 11 0 40 0 0 160 160 0 0 0 0 0 0 0 0 0 0 0 0 0 0
0 0 0 0 0 0 0 0 0 0 0 0 0 0 0 0 0 0 0 0 0 0 0 0 0 0 0 0
0 0 0 0 0 0 0 0 0 5 0 0 0 0 0 0 0 0 0 0 0 3 0 25 0 0 0 0
0 0 0 0 0 1 1 9 0 36 0 4 40 169 0 0 0 0 0 0 0 3 0 25 0 0 0 0
0 0 0 0 1 1 1 17 0 49 0 40 198 198 0 0 0 0 0 0 0 0 0 0 0 0 0 0
0 0 0 0 0 1 1 9 0 36 0 4 40 169 0 0 0 0 0 0 0 0 0 0 0 0 0 0
0 0 2 0 1 6 9 174 0 651 0 144 1104 2125 1 0 5 0 1 11 14 1390 0 7519 0 41 4992 12915
0 0 2 0 1 6 9 173 0 651 0 144 1104 2125 1 0 5 0 1 11 14 1390 0 7519 0 41 4992 12915
0 0 0 0 0 0 0 0 0 5 0 0 0 0 0 0 0 0 0 0 0 4 0 34 0 0 0 0
0 0 1 0 1 3 3 104 0 491 0 41 375 1205 0 0 1 0 1 2 5 252 0 1186 0 73 501 5540
0 0 1 0 1 3 3 106 0 491 0 48 375 1205 0 0 1 0 1 2 5 248 0 1187 0 52 501 5540
0 0 1 0 1 2 5 258 0 1310 0 40 240 5714 0 0 0 0 1 2 3 91 0 558 0 59 203 314
0 0 1 0 1 2 5 258 0 1310 0 41 240 5714 0 0 0 0 1 2 3 93 0 558 0 78 203 314
0 0 0 0 0 0 1 2 0 13 0 0 1 40 0 0 0 0 0 0 0 1 0 10 0 0 0 32
0 0 0 0 0 0 0 0 0 0 0 0 0 0 0 0 0 0 0 0 0 0 0 0 0 0 0 0
0 0 0 0 0 0 0 0 0 0 0 0 0 0 0 0 0 0 0 0 0 0 0 0 0 0 0 0
0 0 0 0 0 0 0 0 0 0 0 0 0 0 0 0 0 0 0 0 0 0 0 0 0 0 0 0
0 0 0 0 0 0 1 2 0 8 0 0 1 40 0 0 0 0 0 0 0 0 0 0 0 0 0 0
0 0 0 0 0 1 1 4 0 12 0 4 40 40 0 0 0 0 0 0 0 0 0 0 0 0 0 0
0 0 0 0 1 1 2 19 0 75 0 40 160 186 0 0 0 0 0 0 2 11 0 70 0 0 0 157
0 0 0 0 1 1 2 26 0 81 0 153 161 186 0 0 0 0 0 0 2 11 0 70 0 0 0 157
0 0 0 0 0 1 1 10 0 36 0 0 85 159 0 0 0 0 0 0 0 1 0 13 0 0 0 0
0 0 0 0 0 0 0 1 0 10 0 0 0 0 0 0 0 0 0 0 0 1 0 13 0 0 0 0
0 0 0 0 0 1 1 2 0 10 0 0 40 40 0 0 0 0 0 0 0 0 0 0 0 0 0 0
0 0 0 0 0 1 1 4 0 15 0 4 40 46 0 0 0 0 0 0 0 6 0 42 0 0 0 63
0 0 0 0 0 1 1 4 0 17 0 0 40 72 0 0 0 0 0 1 1 8 0 43 0 0 41 76
0 0 0 0 0 1 1 4 0 15 0 0 40 40 0 0 0 0 0 0 1 3 0 14 0 0 1 67
0 0 0 0 0 0 0 1 0 7 0 0 0 32 0 0 0 0 0 0 0 1 0 10 0 0 0 0
0 0 0 0 0 1 1 21 0 112 0 0 73 274 0 0 0 0 0 0 0 0 0 0 0 0 0 0
0 0 0 0 0 1 1 22 0 112 0 0 73 274 0 0 0 0 0 0 0 0 0 0 0 0 0 0
0 0 0 0 0 0 1 2 0 8 0 0 1 40 0 0 0 0 0 0 0 0 0 0 0 0 0 0
0 0 0 0 0 1 1 2 0 9 0 0 40 40 0 0 0 0 0 0 0 0 0 0 0 0 0 0
