0 0 0 0 0 0 0 6 0 35 0 0 0 83 0 0 0 0 0 0 0 0 0 0 0 0 0 0
0 0 0 0 0 0 1 8 0 36 0 0 22 107 0 0 0 0 0 0 0 1 0 9 0 0 0 21
0 0 0 0 1 1 1 7 0 20 0 40 40 62 0 0 0 0 0 0 1 3 0 14 0 0 21 54
0 0 0 1 1 1 2 131 0 254 64 684 684 700 0 0 0 0 0 0 0 0 0 0 0 0 0 0
0 0 0 0 1 1 1 28 0 122 0 40 40 310 0 0 0 0 0 0 0 2 0 14 0 0 0 33
0 0 0 0 0 1 1 36 0 130 0 19 199 403 0 0 0 0 0 0 0 0 0 0 0 0 0 0
0 0 0 0 1 1 1 27 0 67 0 198 198 198 0 0 0 0 0 0 0 1 0 7 0 0 0 16
0 0 0 0 0 0 0 0 0 0 0 0 0 0 0 0 0 0 0 0 0 0 0 0 0 0 0 0
0 0 0 0 0 0 0 6 0 35 0 0 0 83 0 0 0 0 0 0 0 0 0 0 0 0 0 0
0 0 0 0 0 1 1 4 0 12 0 4 40 43 0 0 0 0 0 0 0 0 0 0 0 0 0 0
0 0 1 0 1 1 4 101 0 435 0 92 257 1193 0 0 0 0 0 0 0 0 0 0 0 0 0 0
0 0 0 0 1 1 1 28 0 94 0 40 127 324 0 0 0 0 0 0 0 1 0 7 0 0 0 16
0 0 0 0 0 1 2 50 0 241 0 7 79 610 0 0 0 0 0 0 0 0 0 0 0 0 0 0
0 0 0 0 0 0 1 9 0 37 0 0 39 125 0 0 0 0 0 0 0 0 0 0 0 0 0 0
0 0 0 0 0 0 0 2 0 14 0 0 0 33 0 0 0 0 0 0 0 1 0 7 0 0 0 16
0 0 0 0 1 1 1 10 0 37 0 40 40 107 0 0 0 0 0 0 0 0 0 0 0 0 0 0
0 0 0 0 1 1 1 16 0 41 0 44 87 138 0 0 0 0 0 0 1 3 0 14 0 0 21 54
0 0 0 0 0 0 0 1 0 7 0 0 0 16 0 0 0 0 0 0 0 0 0 0 0 0 0 0
0 0 0 0 1 1 1 30 0 62 0 160 161 177 0 0 0 0 0 0 0 0 0 0 0 0 0 0
0 0 0 0 1 1 2 42 0 156 0 73 208 530 0 0 0 0 0 0 0 0 0 0 0 0 0 0
0 0 0 0 0 0 0 6 0 35 0 0 0 83 0 0 0 0 0 0 0 0 0 0 0 0 0 0
0 0 0 0 0 0 0 6 0 35 0 0 0 83 0 0 0 0 0 0 0 0 0 0 0 0 0 0
0 0 0 0 0 1 1 4 0 12 0 4 40 40 0 0 0 0 0 0 0 0 0 0 0 0 0 0
0 0 0 0 1 1 1 14 0 40 0 43 76 130 0 0 0 0 0 0 0 0 0 0 0 0 0 0
0 0 0 0 0 1 1 4 0 12 0 4 40 40 0 0 0 0 0 0 0 0 0 0 0 0 0 0
0 0 1 0 3 4 6 227 0 659 39 298 1564 2389 0 0 1 0 5 5 5 360 0 1231 0 393 2887 4950
0 0 0 0 0 0 0 6 0 35 0 0 0 83 0 0 0 0 0 0 0 0 0 0 0 0 0 0
0 0 0 0 1 1 1 5 0 13 0 40 40 40 0 0 0 0 1 1 2 12 0 31 0 79 92 104
0 0 0 0 0 0 0 6 0 35 0 0 0 83 0 0 0 0 0 0 0 0 0 0 0 0 0 0
0 0 0 0 1 1 1 9 0 21 0 40 40 62 0 0 0 0 0 0 1 3 0 14 0 0 21 54
0 0 0 0 0 0 1 8 0 36 0 0 26 111 0 0 0 0 0 0 0 0 0 0 0 0 0 0
0 0 0 0 1 1 1 12 0 37 0 40 40 107 0 0 0 0 0 0 0 0 0 0 0 0 0 0
0 0 0 0 0 0 0 0 0 0 0 0 0 0 0 0 0 0 0 0 0 0 0 0 0 0 0 0
0 0 0 0 0 0 1 9 0 37 0 0 39 125 0 0 0 0 0 0 0 0 0 0 0 0 0 0
0 0 0 0 0 0 0 0 0 0 0 0 0 0 0 0 0 0 0 0 0 0 0 0 0 0 0 0
0 0 0 0 0 0 0 6 0 35 0 0 0 83 0 0 0 0 0 0 0 0 0 0 0 0 0 0
0 0 0 0 1 1 1 14 0 41 0 40 80 149 0 0 0 0 0 0 0 0 0 0 0 0 0 0
0 0 0 0 0 1 2 9 0 37 0 0 43 127 0 0 0 0 0 0 0 0 0 0 0 0 0 0
0 0 0 0 1 1 1 21 0 52 0 52 160 176 0 0 0 0 0 0 0 0 0 0 0 0 0 0
0 0 0 0 0 0 1 10 0 40 0 0 88 161 0 0 0 0 0 0 0 0 0 0 0 0 0 0
0 0 0 0 0 0 0 6 0 35 0 0 0 83 0 0 0 0 0 0 0 0 0 0 0 0 0 0
0 0 0 0 0 0 0 6 0 35 0 0 0 83 0 0 0 0 0 0 0 0 0 0 0 0 0 0
0 0 0 0 1 1 1 6 0 15 0 40 40 43 0 0 0 0 0 0 0 0 0 0 0 0 0 0
0 0 0 0 1 1 1 16 0 41 0 43 84 138 0 0 0 0 0 0 1 3 0 14 0 0 21 54
0 0 0 0 0 0 0 1 0 7 0 0 0 16 0 0 0 0 0 0 0 0 0 0 0 0 0 0
0 0 0 0 0 1 1 14 0 49 0 4 126 198 0 0 0 0 0 0 0 0 0 0 0 0 0 0
0 0 0 0 1 1 1 26 0 67 0 198 198 198 0 0 0 0 0 0 0 0 0 0 0 0 0 0
0 0 0 0 0 0 0 0 0 0 0 0 0 0 0 0 0 0 0 0 0 0 0 0 0 0 0 0
0 0 0 0 0 0 1 8 0 36 0 0 21 107 0 0 0 0 0 0 0 0 0 0 0 0 0 0
0 0 0 0 0 0 0 0 0 0 0 0 0 0 0 0 0 0 0 0 0 0 0 0 0 0 0 0
0 0 0 0 1 1 1 12 0 37 0 40 40 107 0 0 0 0 0 0 0 0 0 0 0 0 0 0
0 0 0 0 1 1 1 13 0 37 0 40 40 107 0 0 0 0 0 0 0 0 0 0 0 0 0 0
0 0 0 0 1 1 2 66 0 253 0 79 308 852 0 0 0 0 0 0 0 0 0 0 0 0 0 0
0 0 0 0 0 0 1 9 0 37 0 0 39 125 0 0 0 0 0 0 0 0 0 0 0 0 0 0
0 0 0 0 0 0 0 0 0 0 0 0 0 0 0 0 0 0 0 0 0 0 0 0 0 0 0 0
0 0 0 0 0 1 1 9 0 37 0 4 44 111 0 0 0 0 0 0 0 5 0 30 0 0 0 72
0 0 0 0 1 1 1 10 0 37 0 40 44 111 0 0 0 0 0 0 0 0 0 0 0 0 0 0
0 0 0 0 1 1 1 9 0 23 0 40 61 85 0 0 0 0 0 1 1 11 0 42 0 4 58 136
0 0 0 0 0 0 1 8 0 36 0 0 21 107 0 0 0 0 0 0 0 0 0 0 0 0 0 0
0 0 0 0 1 1 1 34 0 76 0 160 161 227 0 0 0 0 0 0 0 0 0 0 0 0 0 0
0 0 0 0 0 1 2 36 0 154 0 0 150 503 0 0 0 0 0 0 0 0 0 0 0 0 0 0
0 0 0 0 0 0 0 6 0 35 0 0 0 83 0 0 0 0 0 0 0 0 0 0 0 0 0 0
0 0 0 0 0 0 1 2 0 11 0 0 21 43 0 0 0 0 0 0 0 0 0 0 0 0 0 0
0 0 0 0 1 1 1 14 0 38 0 40 57 125 0 0 0 0 0 0 0 0 0 0 0 0 0 0
0 0 0 0 0 0 1 4 0 15 0 0 21 56 0 0 0 0 0 0 0 0 0 0 0 0 0 0
0 0 0 0 0 0 0 6 0 35 0 0 0 83 0 0 0 0 0 0 0 0 0 0 0 0 0 0
0 0 0 0 0 0 0 6 0 35 0 0 0 83 0 0 0 0 0 0 0 0 0 0 0 0 0 0
0 0 1 0 0 0 3 90 0 489 0 0 0 1144 0 0 0 0 0 0 0 0 0 0 0 0 0 0
0 0 0 0 0 0 1 8 0 36 0 0 21 107 0 0 0 0 0 0 0 7 0 40 0 0 0 93
0 0 1 0 1 2 4 121 0 498 0 42 436 1568 0 0 2 0 0 0 5 160 0 856 0 0 28 2035
0 0 0 0 0 0 1 9 0 38 0 0 43 130 0 0 0 0 0 0 0 0 0 0 0 0 0 0
0 0 0 0 1 1 1 21 0 44 30 73 103 148 0 0 0 0 0 0 1 3 0 14 0 0 21 54
0 0 0 0 0 0 0 0 0 0 0 0 0 0 0 0 0 0 0 0 0 0 0 0 0 0 0 0
0 0 0 0 0 0 1 9 0 37 0 0 39 125 0 0 0 0 0 0 0 0 0 0 0 0 0 0
0 0 0 0 0 0 0 0 0 0 0 0 0 0 0 0 0 0 0 0 0 0 0 0 0 0 0 0
0 0 0 0 0 1 1 9 0 36 0 4 40 107 0 0 0 0 0 0 0 0 0 0 0 0 0 0
0 0 0 0 0 1 1 10 0 38 0 4 61 126 0 0 0 0 0 0 0 0 0 0 0 0 0 0
0 0 0 0 1 1 1 11 0 30 0 40 40 87 0 0 0 0 0 0 0 0 0 0 0 0 0 0
0 0 0 0 0 0 1 8 0 36 0 0 21 107 0 0 0 0 0 0 0 0 0 0 0 0 0 0
0 0 0 0 1 1 1 21 0 54 0 160 160 161 0 0 0 0 0 0 0 0 0 0 0 0 0 0
0 0 1 0 1 1 4 30 0 108 0 46 155 357 0 0 0 0 0 0 0 0 0 0 0 0 0 0
0 0 0 0 0 0 0 6 0 35 0 0 0 83 0 0 0 0 0 0 0 0 0 0 0 0 0 0
0 0 0 0 0 0 1 2 0 11 0 0 21 43 0 0 0 0 0 0 0 0 0 0 0 0 0 0
0 0 0 0 0 1 1 10 0 38 0 4 57 125 0 0 0 0 0 0 0 0 0 0 0 0 0 0
0 0 0 0 1 1 1 12 0 24 0 40 61 85 0 0 0 0 0 1 1 11 0 41 0 4 58 136
0 0 0 0 0 1 1 14 0 49 0 4 126 198 0 0 0 0 0 0 0 0 0 0 0 0 0 0
0 0 0 0 1 1 1 31 0 67 0 198 198 198 0 0 0 0 0 0 0 0 0 0 0 0 0 0
0 0 0 0 0 0 0 0 0 0 0 0 0 0 0 0 0 0 0 0 0 0 0 0 0 0 0 0
0 0 1 1 2 2 4 276 0 1311 40 203 267 3246 0 0 1 0 2 2 4 181 0 779 0 210 314 2017
0 0 0 0 0 1 1 5 0 17 0 4 40 56 0 0 0 0 0 0 0 0 0 0 0 0 0 0
0 0 0 0 1 1 1 10 0 37 0 40 40 107 0 0 0 0 0 0 0 0 0 0 0 0 0 0
0 0 0 0 0 1 1 9 0 36 0 4 40 107 0 0 0 0 0 0 0 0 0 0 0 0 0 0
0 0 0 0 1 1 2 66 0 253 0 79 308 852 0 0 0 0 0 0 0 0 0 0 0 0 0 0
0 0 0 0 0 0 1 9 0 37 0 0 39 125 0 0 0 0 0 0 0 0 0 0 0 0 0 0
0 0 0 0 0 0 0 0 0 0 0 0 0 0 0 0 0 0 0 0 0 0 0 0 0 0 0 0
0 0 0 0 0 0 0 6 0 35 0 0 0 83 0 0 0 0 0 0 0 0 0 0 0 0 0 0
0 0 0 0 0 1 1 9 0 36 0 4 40 107 0 0 0 0 0 0 0 0 0 0 0 0 0 0
0 0 0 0 1 1 1 6 0 18 0 40 44 61 0 0 0 0 0 0 0 0 0 0 0 0 0 0
0 0 0 0 1 1 1 13 0 39 0 40 69 138 0 0 0 0 0 0 1 3 0 14 0 0 21 54
0 0 0 0 0 0 1 12 0 49 0 0 87 188 0 0 0 0 0 0 0 0 0 0 0 0 0 0
0 0 0 0 1 2 3 65 0 171 0 164 353 624 0 0 0 0 0 0 0 0 0 0 0 0 0 0
0 0 0 0 0 0 0 6 0 35 0 0 0 83 0 0 0 0 0 0 0 0 0 0 0 0 0 0
0 0 0 0 0 1 1 5 0 17 0 4 40 56 0 0 0 0 0 0 0 0 0 0 0 0 0 0
0 0 0 0 0 1 1 11 0 40 0 4 79 148 0 0 0 0 0 0 0 0 0 0 0 0 0 0
0 0 0 0 0 0 1 2 0 9 0 0 21 40 0 0 0 0 0 0 0 0 0 0 0 0 0 0
0 0 0 0 0 0 1 9 0 43 0 0 21 123 0 0 0 0 0 0 0 0 0 0 0 0 0 0
0 0 0 0 0 0 0 6 0 35 0 0 0 83 0 0 0 0 0 0 0 0 0 0 0 0 0 0
0 0 0 0 0 0 0 0 0 0 0 0 0 0 0 0 0 0 0 0 0 0 0 0 0 0 0 0
0 0 0 0 0 0 0 6 0 35 0 0 0 83 0 0 0 0 0 0 0 0 0 0 0 0 0 0
0 0 0 0 1 1 1 5 0 13 0 40 40 40 0 0 0 0 0 0 0 0 0 0 0 0 0 0
0 0 0 0 0 1 1 10 0 43 0 4 40 123 0 0 0 0 0 0 0 0 0 0 0 0 0 0
0 0 0 0 0 1 1 9 0 37 0 4 44 111 0 0 0 0 0 0 0 0 0 0 0 0 0 0
0 0 0 0 0 0 1 4 0 18 0 0 21 62 0 0 0 0 0 0 1 3 0 14 0 0 21 54
0 0 0 0 0 0 1 9 0 37 0 0 39 125 0 0 0 0 0 0 0 0 0 0 0 0 0 0
0 0 0 0 0 0 0 0 0 0 0 0 0 0 0 0 0 0 0 0 0 0 0 0 0 0 0 0
0 0 0 0 0 0 1 8 0 36 0 0 21 107 0 0 0 0 0 0 0 0 0 0 0 0 0 0
0 0 1 0 1 4 5 116 0 424 0 65 592 1467 0 0 1 0 1 2 4 178 0 884 0 41 205 2262
0 0 0 0 1 1 1 9 0 29 0 40 44 92 0 0 0 0 0 0 0 0 0 0 0 0 0 0
0 0 0 0 1 1 1 12 0 37 0 40 40 107 0 0 0 0 0 0 1 6 0 23 0 0 43 89
0 0 0 0 0 0 0 0 0 0 0 0 0 0 0 0 0 0 0 0 0 0 0 0 0 0 0 0
0 0 0 0 1 1 1 28 0 63 0 160 161 177 0 0 0 0 0 0 0 0 0 0 0 0 0 0
0 0 0 0 0 0 0 6 0 35 0 0 0 83 0 0 0 0 0 0 0 0 0 0 0 0 0 0
0 0 0 0 0 1 1 4 0 12 0 4 40 40 0 0 0 0 0 0 0 0 0 0 0 0 0 0
0 0 0 0 1 1 1 11 0 38 0 40 57 125 0 0 0 0 0 0 0 0 0 0 0 0 0 0
0 0 0 0 1 1 1 6 0 14 0 40 40 40 0 0 0 0 0 0 0 8 0 45 0 0 0 105
0 0 0 0 1 1 1 17 0 50 0 40 126 198 0 0 0 0 0 0 1 8 0 46 0 0 0 107
0 0 0 0 1 1 1 30 0 68 0 198 198 198 0 0 0 0 0 0 1 3 0 14 0 0 21 54
0 0 0 0 0 0 0 0 0 0 0 0 0 0 0 0 0 0 0 0 0 0 0 0 0 0 0 0
0 0 0 0 0 1 1 9 0 36 0 4 40 107 0 0 0 0 0 0 0 0 0 0 0 0 0 0
0 0 0 0 0 1 1 4 0 12 0 4 40 40 0 0 0 0 0 0 0 0 0 0 0 0 0 0
0 0 0 0 0 1 1 9 0 36 0 4 40 107 0 0 0 0 0 0 0 0 0 0 0 0 0 0
0 0 0 0 1 1 1 10 0 37 0 40 40 107 0 0 0 0 0 0 0 0 0 0 0 0 0 0
0 0 0 0 1 1 2 66 0 253 0 79 308 852 0 0 0 0 0 0 0 0 0 0 0 0 0 0
0 0 0 0 0 0 1 9 0 37 0 0 39 125 0 0 0 0 0 0 0 0 0 0 0 0 0 0
0 0 0 0 0 0 0 0 0 0 0 0 0 0 0 0 0 0 0 0 0 0 0 0 0 0 0 0
0 0 0 0 0 0 1 8 0 36 0 0 21 107 0 0 0 0 0 0 0 0 0 0 0 0 0 0
0 0 0 0 1 1 1 12 0 44 0 40 40 123 0 0 0 0 0 0 0 0 0 0 0 0 0 0
0 0 0 0 0 1 1 4 0 12 0 4 40 40 0 0 0 0 0 0 0 0 0 0 0 0 0 0
0 0 0 0 0 0 1 9 0 43 0 0 21 123 0 0 0 0 0 0 0 0 0 0 0 0 0 0
0 0 0 0 0 0 1 4 0 18 0 0 21 62 0 0 0 0 0 0 1 3 0 14 0 0 21 54
0 0 0 0 1 1 2 71 0 186 54 164 265 597 0 0 0 0 0 0 0 0 0 0 0 0 0 0
0 0 0 0 0 0 0 6 0 35 0 0 0 83 0 0 0 0 0 0 0 0 0 0 0 0 0 0
0 0 0 0 0 0 0 1 0 7 0 0 0 16 0 0 0 0 0 0 0 0 0 0 0 0 0 0
0 0 0 0 1 1 1 11 0 38 0 40 57 125 0 0 0 0 0 0 0 0 0 0 0 0 0 0
0 0 0 0 1 1 1 6 0 15 0 40 40 43 0 0 0 0 0 0 0 0 0 0 0 0 0 0
0 0 0 0 0 0 1 8 0 36 0 0 21 107 0 0 0 0 0 0 0 0 0 0 0 0 0 0
0 0 0 0 0 0 0 6 0 35 0 0 0 83 0 0 0 0 0 0 0 0 0 0 0 0 0 0
0 0 0 0 0 0 0 0 0 0 0 0 0 0 0 0 0 0 0 0 0 0 0 0 0 0 0 0
0 0 0 0 0 0 0 6 0 35 0 0 0 83 0 0 0 0 0 0 0 0 0 0 0 0 0 0
0 0 0 0 0 1 1 4 0 12 0 4 40 40 0 0 0 0 0 0 0 0 0 0 0 0 0 0
0 0 0 0 1 1 1 12 0 37 0 40 40 107 0 0 0 0 0 0 0 0 0 0 0 0 0 0
0 0 0 0 1 1 1 10 0 37 0 40 40 107 0 0 0 0 0 0 0 0 0 0 0 0 0 0
0 0 0 0 0 0 0 0 0 0 0 0 0 0 0 0 0 0 0 0 0 0 0 0 0 0 0 0
0 0 0 0 1 1 1 13 0 40 0 43 84 138 0 0 0 0 0 0 1 3 0 14 0 0 21 54
0 0 1 0 1 3 3 116 0 409 0 65 856 1591 0 0 1 0 1 2 4 178 0 884 0 41 205 2262
0 0 0 0 0 0 1 8 0 36 0 0 21 107 0 0 0 0 0 0 0 0 0 0 0 0 0 0
0 0 0 0 1 1 1 18 0 46 0 43 119 172 0 0 0 0 0 0 1 6 0 23 0 0 43 89
0 0 0 0 1 1 1 14 0 44 0 40 60 142 0 0 0 0 0 0 0 0 0 0 0 0 0 0
0 0 0 0 1 1 1 10 0 37 0 40 40 107 0 0 0 0 0 0 0 0 0 0 0 0 0 0
0 0 0 0 0 0 0 0 0 0 0 0 0 0 0 0 0 0 0 0 0 0 0 0 0 0 0 0
0 0 0 0 0 0 0 6 0 35 0 0 0 83 0 0 0 0 0 0 0 0 0 0 0 0 0 0
0 0 0 0 1 1 1 28 0 63 0 160 161 177 0 0 0 0 0 0 0 0 0 0 0 0 0 0
0 0 0 0 0 0 1 2 0 11 0 0 21 43 0 0 0 0 0 0 0 0 0 0 0 0 0 0
0 0 0 0 0 0 0 6 0 35 0 0 0 83 0 0 0 0 0 0 0 0 0 0 0 0 0 0
0 0 0 0 1 1 1 10 0 19 0 40 40 53 0 0 0 0 0 0 0 0 0 0 0 0 0 0
0 0 0 0 0 1 1 14 0 49 0 4 126 198 0 0 0 0 0 0 0 0 0 0 0 0 0 0
0 0 0 0 1 1 1 26 0 67 0 198 198 198 0 0 0 0 0 0 0 0 0 0 0 0 0 0
0 0 0 0 0 0 1 4 0 18 0 0 21 62 0 0 0 0 0 0 1 3 0 14 0 0 21 54
0 0 0 0 1 1 1 10 0 37 0 40 40 107 0 0 0 0 0 0 0 0 0 0 0 0 0 0
0 0 0 0 0 1 1 4 0 12 0 4 40 40 0 0 0 0 0 0 0 0 0 0 0 0 0 0
0 0 0 0 0 1 1 9 0 36 0 4 40 107 0 0 0 0 0 0 0 0 0 0 0 0 0 0
0 0 0 0 0 1 1 9 0 36 0 4 40 107 0 0 0 0 0 0 0 0 0 0 0 0 0 0
0 0 0 0 0 1 1 21 0 90 0 7 71 249 0 0 0 0 0 0 0 0 0 0 0 0 0 0
0 0 0 0 1 1 2 59 0 242 0 79 145 680 0 0 0 0 0 0 0 0 0 0 0 0 0 0
0 0 0 0 0 0 0 1 0 7 0 0 0 16 0 0 0 0 0 0 0 3 0 16 0 0 0 38
0 0 0 0 0 0 1 8 0 36 0 0 21 107 0 0 0 0 0 0 0 0 0 0 0 0 0 0
0 0 0 0 0 1 1 9 0 36 0 4 40 107 0 0 0 0 0 0 0 0 0 0 0 0 0 0
0 0 0 0 1 1 1 8 0 19 0 40 44 61 0 0 0 0 0 0 0 0 0 0 0 0 0 0
0 0 0 0 0 0 0 6 0 35 0 0 0 83 0 0 0 0 0 0 0 0 0 0 0 0 0 0
0 0 0 0 0 0 0 0 0 0 0 0 0 0 0 0 0 0 0 0 0 0 0 0 0 0 0 0
0 0 0 0 1 1 2 49 0 158 0 85 265 530 0 0 0 0 0 0 0 0 0 0 0 0 0 0
0 0 1 1 1 1 3 123 0 371 80 164 505 1265 0 0 0 0 0 0 1 3 0 14 0 0 21 54
0 0 0 0 1 1 1 5 0 13 0 40 40 40 0 0 0 0 0 0 0 0 0 0 0 0 0 0
0 0 0 0 1 1 1 11 0 38 0 40 57 125 0 0 0 0 0 0 0 0 0 0 0 0 0 0
0 0 0 0 0 1 1 4 0 12 0 4 40 40 0 0 0 0 0 0 0 0 0 0 0 0 0 0
0 0 0 0 0 0 1 8 0 36 0 0 21 107 0 0 0 0 0 0 0 0 0 0 0 0 0 0
0 0 0 0 0 0 0 6 0 35 0 0 0 83 0 0 0 0 0 0 0 0 0 0 0 0 0 0
0 0 0 0 0 0 1 4 0 17 0 0 39 71 0 0 0 0 0 0 0 0 0 0 0 0 0 0
0 0 0 0 0 0 1 8 0 36 0 0 21 107 0 0 0 0 0 0 0 0 0 0 0 0 0 0
0 0 0 0 0 0 0 1 0 7 0 0 0 16 0 0 0 0 0 0 0 0 0 0 0 0 0 0
0 0 0 0 1 1 1 11 0 37 0 40 48 111 0 0 0 0 0 0 0 0 0 0 0 0 0 0
0 0 0 0 1 1 1 10 0 37 0 40 40 107 0 0 0 0 0 0 0 0 0 0 0 0 0 0
0 0 0 0 0 0 0 0 0 0 0 0 0 0 0 0 0 0 0 0 0 0 0 0 0 0 0 0
0 0 0 0 0 0 1 9 0 37 0 0 39 125 0 0 0 0 0 0 0 0 0 0 0 0 0 0
0 0 0 0 0 0 1 4 0 18 0 0 21 62 0 0 0 0 0 0 1 3 0 14 0 0 21 54
0 0 0 0 0 1 1 9 0 36 0 4 40 107 0 0 0 0 0 0 0 0 0 0 0 0 0 0
0 0 0 0 1 1 1 13 0 38 0 40 58 126 0 0 0 0 0 0 0 0 0 0 0 0 0 0
0 0 0 0 1 1 1 10 0 29 0 40 40 87 0 0 0 0 0 0 0 0 0 0 0 0 0 0
0 0 0 0 0 0 1 8 0 36 0 0 21 107 0 0 0 0 0 0 0 0 0 0 0 0 0 0
0 0 0 0 0 0 0 0 0 0 0 0 0 0 0 0 0 0 0 0 0 0 0 0 0 0 0 0
0 0 0 0 0 0 0 6 0 35 0 0 0 83 0 0 0 0 0 0 0 0 0 0 0 0 0 0
0 0 0 0 1 1 1 28 0 78 0 160 161 244 0 0 0 0 0 0 0 0 0 0 0 0 0 0
0 0 0 0 0 0 0 1 0 7 0 0 0 16 0 0 0 0 0 0 0 0 0 0 0 0 0 0
0 0 0 0 1 1 1 11 0 38 0 40 57 125 0 0 0 0 0 0 0 0 0 0 0 0 0 0
0 0 0 0 0 1 1 4 0 12 0 4 40 43 0 0 0 0 0 0 0 0 0 0 0 0 0 0
0 0 0 0 1 1 1 16 0 50 0 40 130 198 0 0 0 0 0 0 0 0 0 0 0 0 0 0
0 0 0 0 1 1 1 117 0 250 0 684 684 767 0 0 0 0 0 0 0 0 0 0 0 0 0 0
0 0 0 0 0 0 1 45 0 170 0 0 376 684 0 0 0 0 0 0 0 0 0 0 0 0 0 0
0 0 0 0 1 1 1 35 0 126 0 45 152 403 0 0 0 0 0 0 1 3 0 14 0 0 21 54
0 0 0 0 0 1 1 4 0 12 0 4 40 40 0 0 0 0 0 0 0 0 0 0 0 0 0 0
0 0 1 1 2 3 4 237 0 761 40 247 1544 2952 0 0 1 0 2 3 3 182 0 779 0 202 280 2017
0 0 0 0 0 1 1 9 0 36 0 4 40 107 0 0 0 0 0 0 0 0 0 0 0 0 0 0
0 0 0 0 0 0 0 0 0 0 0 0 0 0 0 0 0 0 0 0 0 0 0 0 0 0 0 0
0 0 0 0 1 1 2 75 0 254 0 91 363 852 0 0 0 0 0 0 0 0 0 0 0 0 0 0
0 0 0 0 0 0 0 0 0 0 0 0 0 0 0 0 0 0 0 0 0 0 0 0 0 0 0 0
0 0 0 0 0 0 1 9 0 38 0 0 43 130 0 0 0 0 0 0 0 0 0 0 0 0 0 0
0 0 0 0 1 1 1 10 0 37 0 40 44 111 0 0 0 0 0 0 0 0 0 0 0 0 0 0
0 0 0 0 0 1 1 4 0 12 0 4 40 43 0 0 0 0 0 0 0 0 0 0 0 0 0 0
0 0 0 0 0 0 0 6 0 35 0 0 0 83 0 0 0 0 0 0 0 0 0 0 0 0 0 0
0 0 0 0 0 0 0 0 0 0 0 0 0 0 0 0 0 0 0 0 0 0 0 0 0 0 0 0
0 0 0 0 0 0 1 17 0 66 0 0 109 249 0 0 0 0 0 0 0 0 0 0 0 0 0 0
0 0 0 0 1 1 1 38 0 150 0 73 142 461 0 0 0 0 0 0 0 0 0 0 0 0 0 0
0 0 0 1 1 1 1 31 0 58 40 160 160 177 0 0 0 0 0 0 1 3 0 14 0 0 21 54
0 0 0 0 0 1 1 10 0 38 0 4 57 125 0 0 0 0 0 0 0 0 0 0 0 0 0 0
0 0 0 0 1 1 1 5 0 13 0 40 40 40 0 0 0 0 0 0 0 0 0 0 0 0 0 0
0 0 1 0 1 1 3 121 0 588 0 48 164 1495 0 0 1 0 0 2 5 157 0 734 0 0 372 2096
0 0 0 0 0 0 0 6 0 35 0 0 0 83 0 0 0 0 0 0 0 0 0 0 0 0 0 0
0 0 0 0 0 0 0 0 0 0 0 0 0 0 0 0 0 0 0 0 0 0 0 0 0 0 0 0
0 0 0 0 0 1 1 9 0 36 0 4 40 107 0 0 0 0 0 0 0 0 0 0 0 0 0 0
0 0 0 0 0 0 0 1 0 7 0 0 0 16 0 0 0 0 0 0 0 0 0 0 0 0 0 0
0 0 0 0 1 1 1 10 0 37 0 40 40 107 0 0 0 0 0 0 0 0 0 0 0 0 0 0
0 0 0 0 1 1 1 12 0 37 0 40 40 107 0 0 0 0 0 0 0 0 0 0 0 0 0 0
0 0 0 0 0 0 0 0 0 0 0 0 0 0 0 0 0 0 0 0 0 0 0 0 0 0 0 0
0 0 0 0 0 0 1 9 0 37 0 0 39 125 0 0 0 0 0 0 0 0 0 0 0 0 0 0
0 0 0 0 0 0 1 2 0 9 0 0 21 40 0 0 0 0 0 1 2 11 0 41 0 0 90 164
0 0 0 0 1 1 1 10 0 37 0 40 44 111 0 0 0 0 0 0 0 0 0 0 0 0 0 0
0 0 0 0 1 1 1 14 0 41 0 43 84 138 0 0 0 0 0 1 1 6 0 21 0 4 58 80
0 0 0 0 1 1 1 9 0 29 0 40 40 87 0 0 0 0 0 0 0 0 0 0 0 0 0 0
0 0 0 0 1 1 1 10 0 37 0 40 40 107 0 0 0 0 0 0 0 0 0 0 0 0 0 0
0 0 0 0 0 0 0 0 0 0 0 0 0 0 0 0 0 0 0 0 0 0 0 0 0 0 0 0
0 0 0 0 0 0 0 6 0 35 0 0 0 83 0 0 0 0 0 0 0 0 0 0 0 0 0 0
0 0 0 0 0 0 0 6 0 35 0 0 0 83 0 0 0 0 0 0 0 0 0 0 0 0 0 0
0 0 0 0 1 1 2 29 0 62 0 160 161 194 0 0 0 0 0 0 0 0 0 0 0 0 0 0
0 0 0 0 1 1 1 13 0 38 0 40 57 125 0 0 0 0 0 0 0 0 0 0 0 0 0 0
0 0 0 0 0 0 0 1 0 7 0 0 0 16 0 0 0 0 0 0 0 0 0 0 0 0 0 0
0 0 0 0 0 0 1 13 0 49 0 0 108 198 0 0 0 0 0 0 0 0 0 0 0 0 0 0
0 0 0 0 0 1 1 26 0 84 0 19 198 281 0 0 0 0 0 0 0 0 0 0 0 0 0 0
0 0 0 0 0 0 0 0 0 0 0 0 0 0 0 0 0 0 0 0 0 0 0 0 0 0 0 0
0 0 0 0 0 0 0 6 0 35 0 0 0 83 0 0 0 0 0 0 0 0 0 0 0 0 0 0
0 0 0 0 1 1 1 11 0 22 0 40 40 62 0 0 0 0 0 0 1 3 0 14 0 0 21 54
0 0 0 0 1 1 1 12 0 37 0 40 40 107 0 0 0 0 0 0 0 0 0 0 0 0 0 0
0 0 0 0 0 0 1 8 0 36 0 0 21 107 0 0 0 0 0 0 0 0 0 0 0 0 0 0
0 0 0 0 0 0 0 0 0 0 0 0 0 0 0 0 0 0 0 0 0 0 0 0 0 0 0 0
0 0 0 0 1 1 2 75 0 254 0 91 363 852 0 0 0 0 0 0 0 0 0 0 0 0 0 0
0 0 0 0 0 0 0 0 0 0 0 0 0 0 0 0 0 0 0 0 0 0 0 0 0 0 0 0
0 0 0 0 1 1 1 10 0 37 0 40 40 107 0 0 0 0 0 0 0 0 0 0 0 0 0 0
0 0 0 0 0 1 1 9 0 36 0 4 40 107 0 0 0 0 0 0 0 0 0 0 0 0 0 0
0 0 0 0 1 1 1 11 0 28 0 43 78 94 0 0 0 0 0 0 0 0 0 0 0 0 0 0
0 0 0 0 0 1 1 9 0 36 0 4 40 107 0 0 0 0 0 0 0 0 0 0 0 0 0 0
0 0 0 0 0 0 0 0 0 0 0 0 0 0 0 0 0 0 0 0 0 0 0 0 0 0 0 0
0 0 0 0 0 0 0 6 0 35 0 0 0 83 0 0 0 0 0 0 0 0 0 0 0 0 0 0
0 0 0 0 1 1 2 49 0 158 0 85 265 530 0 0 0 0 0 0 0 0 0 0 0 0 0 0
0 0 0 0 1 1 1 21 0 48 0 52 160 160 0 0 0 0 0 0 0 0 0 0 0 0 0 0
0 0 0 0 1 1 1 21 0 48 0 74 130 177 0 0 0 0 0 0 1 3 0 14 0 0 21 54
0 0 0 0 1 1 1 5 0 13 0 40 40 40 0 0 0 0 0 0 0 0 0 0 0 0 0 0
0 0 0 0 1 2 3 33 0 111 0 55 197 357 0 0 0 0 0 2 3 28 0 108 0 8 144 354
1 0 2 0 3 7 8 200 0 663 0 323 1267 2477 2 0 8 0 3 7 23 2177 0 11208 0 414 1043 27082
1 0 7 0 0 0 18 183 0 987 0 0 0 2310 3 0 17 0 0 0 41 4064 0 21888 0 0 0 51214
0 0 1 0 1 2 4 157 0 646 30 119 444 1876 0 0 1 0 1 3 5 258 0 1188 0 90 562 3163
0 0 0 0 0 1 1 4 0 12 0 4 40 43 0 0 0 0 0 0 0 0 0 0 0 0 0 0
0 0 0 0 0 1 1 9 0 36 0 4 40 107 0 0 0 0 0 0 0 0 0 0 0 0 0 0
0 0 0 0 0 0 1 8 0 36 0 0 21 107 0 0 0 0 0 0 0 0 0 0 0 0 0 0
0 0 0 0 0 0 0 2 0 12 0 0 0 29 0 0 0 0 0 0 0 0 0 0 0 0 0 0
0 0 0 0 0 1 1 11 0 39 0 7 71 125 0 0 0 0 0 0 0 0 0 0 0 0 0 0
0 0 0 0 0 0 0 0 0 0 0 0 0 0 0 0 0 0 0 0 0 0 0 0 0 0 0 0
0 0 0 0 0 0 0 6 0 35 0 0 0 83 0 0 0 0 0 0 0 0 0 0 0 0 0 0
0 0 0 0 1 1 1 14 0 38 0 40 58 126 0 0 0 0 0 0 0 0 0 0 0 0 0 0
0 0 0 0 1 1 1 13 0 45 0 40 40 126 0 0 0 0 0 0 1 3 0 14 0 0 21 54
0 0 0 0 1 1 1 10 0 37 0 40 40 107 0 0 0 0 0 0 0 0 0 0 0 0 0 0
0 0 0 0 0 0 0 0 0 0 0 0 0 0 0 0 0 0 0 0 0 0 0 0 0 0 0 0
0 0 0 0 0 0 0 6 0 35 0 0 0 83 0 0 0 0 0 0 0 0 0 0 0 0 0 0
0 0 0 0 0 0 0 6 0 35 0 0 0 83 0 0 0 0 0 0 0 0 0 0 0 0 0 0
0 0 0 0 1 1 1 10 0 20 0 40 40 57 0 0 0 0 0 0 0 3 0 18 0 0 0 43
0 0 0 1 1 1 1 34 0 62 40 160 161 177 0 0 0 0 0 0 0 0 0 0 0 0 0 0
0 0 0 0 0 0 0 1 0 7 0 0 0 16 0 0 0 0 0 0 0 0 0 0 0 0 0 0
0 0 0 0 0 0 1 13 0 49 0 0 108 198 0 0 0 0 0 0 0 0 0 0 0 0 0 0
0 0 0 0 1 1 1 26 0 67 0 198 198 198 0 0 0 0 0 0 0 0 0 0 0 0 0 0
0 0 0 0 0 0 0 2 0 12 0 0 0 29 0 0 0 0 0 0 0 0 0 0 0 0 0 0
0 0 0 0 0 1 1 10 0 38 0 4 57 125 0 0 0 0 0 0 0 0 0 0 0 0 0 0
0 0 0 0 0 1 1 5 0 17 0 4 40 56 0 0 0 0 0 0 0 0 0 0 0 0 0 0
0 0 0 0 0 0 1 8 0 36 0 0 21 107 0 0 0 0 0 0 0 0 0 0 0 0 0 0
0 0 0 0 1 1 1 17 0 41 0 44 87 138 0 0 0 0 0 1 1 6 0 20 0 4 58 76
0 0 0 0 0 0 0 0 0 0 0 0 0 0 0 0 0 0 0 0 0 0 0 0 0 0 0 0
0 0 0 0 1 1 2 30 0 97 0 86 177 324 0 0 0 0 0 0 0 0 0 0 0 0 0 0
0 0 0 0 0 0 1 44 0 241 0 0 0 564 0 0 0 0 0 0 0 0 0 0 0 0 0 0
0 0 0 0 0 0 1 8 0 36 0 0 21 107 0 0 0 0 0 0 0 0 0 0 0 0 0 0
0 0 0 0 1 1 1 14 0 38 0 40 44 111 0 0 0 0 0 0 0 0 0 0 0 0 0 0
0 0 1 0 1 2 3 94 0 330 0 111 504 1083 0 0 0 0 0 0 0 3 0 18 0 0 0 43
0 0 0 0 0 0 1 8 0 36 0 0 21 107 0 0 0 0 0 0 0 0 0 0 0 0 0 0
0 0 0 0 0 0 0 0 0 0 0 0 0 0 0 0 0 0 0 0 0 0 0 0 0 0 0 0
0 0 0 0 0 0 0 6 0 35 0 0 0 83 0 0 0 0 0 0 0 0 0 0 0 0 0 0
0 0 0 0 1 1 2 49 0 158 0 85 265 530 0 0 0 0 0 0 0 0 0 0 0 0 0 0
0 0 0 0 0 0 1 2 0 9 0 0 21 40 0 0 0 0 0 0 0 0 0 0 0 0 0 0
0 0 0 1 1 1 2 42 0 66 40 160 161 194 0 0 0 0 0 0 1 4 0 19 0 0 21 66
0 0 0 0 0 1 1 7 0 25 0 4 40 79 0 0 0 0 0 0 1 3 0 14 0 0 21 54
0 0 0 0 0 0 1 8 0 36 0 0 21 107 0 0 0 0 0 0 0 0 0 0 0 0 0 0
0 0 0 0 0 0 0 6 0 35 0 0 0 83 0 0 0 0 0 0 0 0 0 0 0 0 0 0
0 0 0 0 0 1 2 5 0 19 0 0 43 80 0 0 0 0 0 1 2 9 0 37 0 0 57 137
0 0 0 0 0 1 1 9 0 37 0 4 44 111 0 0 0 0 0 0 0 0 0 0 0 0 0 0
0 0 0 0 0 0 1 2 0 9 0 0 21 40 0 0 0 0 0 0 0 0 0 0 0 0 0 0
0 0 0 0 0 0 1 8 0 36 0 0 21 107 0 0 0 0 0 0 0 0 0 0 0 0 0 0
0 0 0 0 1 1 1 12 0 37 0 40 40 107 0 0 0 0 0 0 0 0 0 0 0 0 0 0
0 0 0 0 0 0 0 0 0 0 0 0 0 0 0 0 0 0 0 0 0 0 0 0 0 0 0 0
0 0 0 0 0 0 1 9 0 37 0 0 39 125 0 0 0 0 0 0 0 0 0 0 0 0 0 0
0 0 0 0 0 0 0 0 0 0 0 0 0 0 0 0 0 0 0 0 0 0 0 0 0 0 0 0
0 0 0 0 0 0 1 8 0 36 0 0 21 107 0 0 0 0 0 0 0 0 0 0 0 0 0 0
0 0 0 0 1 1 1 13 0 38 0 40 58 126 0 0 0 0 0 0 0 0 0 0 0 0 0 0
0 0 0 0 1 1 1 10 0 29 0 40 40 87 0 0 0 0 0 0 0 0 0 0 0 0 0 0
0 0 0 0 1 1 1 13 0 39 0 40 69 138 0 0 0 0 0 0 1 3 0 14 0 0 21 54
0 0 0 0 0 0 0 0 0 0 0 0 0 0 0 0 0 0 0 0 0 0 0 0 0 0 0 0
0 0 0 0 0 0 0 6 0 35 0 0 0 83 0 0 0 0 0 0 0 0 0 0 0 0 0 0
0 0 0 0 0 0 0 6 0 35 0 0 0 83 0 0 0 0 0 0 0 0 0 0 0 0 0 0
0 0 0 0 0 1 1 4 0 12 0 4 40 40 0 0 0 0 0 0 0 0 0 0 0 0 0 0
0 0 0 0 1 1 2 23 0 64 0 52 199 235 0 0 0 0 0 0 0 0 0 0 0 0 0 0
0 0 0 0 1 1 1 13 0 40 0 40 106 161 0 0 0 0 0 0 0 0 0 0 0 0 0 0
0 0 0 0 0 1 1 15 0 50 0 8 144 198 0 0 0 0 0 0 0 0 0 0 0 0 0 0
1 0 1 1 4 4 5 207 0 512 168 578 1002 1672 0 0 1 0 4 5 6 464 0 1374 0 633 3190 5001
0 0 0 0 0 0 0 0 0 0 0 0 0 0 0 0 0 0 0 0 0 0 0 0 0 0 0 0
0 0 0 0 0 0 0 6 0 35 0 0 0 83 0 0 0 0 0 0 0 0 0 0 0 0 0 0
0 0 0 0 0 0 1 2 0 9 0 0 21 40 0 0 0 0 0 0 0 0 0 0 0 0 0 0
0 0 0 0 1 1 1 12 0 37 0 40 40 107 0 0 0 0 0 0 0 0 0 0 0 0 0 0
0 0 0 0 1 1 1 10 0 37 0 40 44 111 0 0 0 0 0 0 0 0 0 0 0 0 0 0
0 0 0 0 0 0 1 4 0 18 0 0 21 62 0 0 0 0 0 0 1 3 0 14 0 0 21 54
0 0 0 0 0 0 1 9 0 37 0 0 39 125 0 0 0 0 0 0 0 0 0 0 0 0 0 0
0 0 0 0 1 1 2 66 0 253 0 79 308 852 0 0 0 0 0 0 0 0 0 0 0 0 0 0
0 0 0 0 0 1 1 9 0 36 0 4 40 107 0 0 0 0 0 0 0 0 0 0 0 0 0 0
0 0 0 0 1 1 1 13 0 44 0 40 46 130 0 0 0 0 0 0 0 0 0 0 0 0 0 0
0 0 1 0 1 3 4 62 0 213 0 44 373 795 0 0 1 0 0 3 4 235 0 1168 0 24 276 2913
0 0 0 0 1 1 1 16 0 53 0 40 127 212 0 0 0 0 0 0 0 0 0 0 0 0 0 0
0 0 0 0 0 0 0 0 0 0 0 0 0 0 0 0 0 0 0 0 0 0 0 0 0 0 0 0
0 0 0 0 0 0 0 6 0 35 0 0 0 83 0 0 0 0 0 0 0 0 0 0 0 0 0 0
0 0 0 0 0 1 2 22 0 74 0 7 182 292 0 0 0 0 0 0 0 0 0 0 0 0 0 0
0 0 0 0 1 1 1 31 0 147 0 40 40 368 0 0 0 0 0 0 0 0 0 0 0 0 0 0
0 0 0 0 1 1 1 11 0 38 0 40 57 125 0 0 0 0 0 0 0 0 0 0 0 0 0 0
0 0 0 0 1 1 1 28 0 57 30 160 161 177 0 0 0 0 0 0 0 0 0 0 0 0 0 0
0 0 0 0 0 0 0 6 0 35 0 0 0 83 0 0 0 0 0 0 0 0 0 0 0 0 0 0
0 0 0 0 0 1 1 11 0 39 0 4 69 138 0 0 0 0 0 0 1 3 0 14 0 0 21 54
0 0 0 0 0 0 0 0 0 0 0 0 0 0 0 0 0 0 0 0 0 0 0 0 0 0 0 0
0 0 0 0 0 1 1 9 0 36 0 4 40 107 0 0 0 0 0 0 0 0 0 0 0 0 0 0
0 0 0 0 0 1 1 4 0 12 0 4 40 40 0 0 0 0 0 0 0 0 0 0 0 0 0 0
0 0 0 0 1 1 1 10 0 37 0 40 40 107 0 0 0 0 0 0 0 0 0 0 0 0 0 0
0 0 0 0 0 1 1 9 0 36 0 4 40 107 0 0 0 0 0 0 0 0 0 0 0 0 0 0
0 0 0 0 0 0 0 0 0 0 0 0 0 0 0 0 0 0 0 0 0 0 0 0 0 0 0 0
0 0 0 0 0 0 1 9 0 37 0 0 39 125 0 0 0 0 0 0 0 0 0 0 0 0 0 0
0 0 0 0 0 0 0 0 0 0 0 0 0 0 0 0 0 0 0 0 0 0 0 0 0 0 0 0
0 0 0 0 1 1 1 10 0 37 0 40 40 107 0 0 0 0 0 0 0 0 0 0 0 0 0 0
0 0 0 0 1 1 1 15 0 39 0 40 58 126 0 0 0 0 0 0 0 0 0 0 0 0 0 0
0 0 0 0 0 0 0 5 0 27 0 0 0 64 0 0 0 0 0 0 0 0 0 0 0 0 0 0
0 0 0 0 0 1 1 9 0 36 0 4 40 107 0 0 0 0 0 0 0 0 0 0 0 0 0 0
0 0 0 0 0 0 1 4 0 18 0 0 21 62 0 0 0 0 0 0 1 3 0 14 0 0 21 54
0 0 0 0 0 0 0 6 0 35 0 0 0 83 0 0 0 0 0 0 0 0 0 0 0 0 0 0
0 0 0 0 0 0 0 6 0 35 0 0 0 83 0 0 0 0 0 0 0 0 0 0 0 0 0 0
0 0 1 0 1 1 3 40 0 151 0 40 200 524 0 0 0 0 0 0 1 30 0 117 0 0 182 434
0 0 0 0 1 1 1 15 0 41 0 50 84 139 0 0 0 0 0 0 0 0 0 0 0 0 0 0
0 0 0 0 1 1 1 27 0 54 30 160 160 161 0 0 0 0 0 0 0 0 0 0 0 0 0 0
0 0 0 0 0 0 1 13 0 49 0 0 108 198 0 0 0 0 0 0 0 0 0 0 0 0 0 0
0 0 0 0 0 1 1 26 0 84 0 19 198 281 0 0 0 0 0 0 0 0 0 0 0 0 0 0
0 0 1 0 1 2 5 120 0 564 0 44 225 1519 0 0 1 0 1 2 3 171 0 817 0 62 271 2124
0 0 0 0 0 0 0 6 0 35 0 0 0 83 0 0 0 0 0 0 0 0 0 0 0 0 0 0
0 0 0 0 1 1 1 6 0 14 0 40 40 40 0 0 0 0 0 0 0 0 0 0 0 0 0 0
0 0 0 0 1 1 1 12 0 37 0 40 40 107 0 0 0 0 0 0 0 0 0 0 0 0 0 0
0 0 0 0 0 0 1 8 0 36 0 0 21 107 0 0 0 0 0 0 0 0 0 0 0 0 0 0
0 0 0 0 0 0 0 0 0 0 0 0 0 0 0 0 0 0 0 0 0 0 0 0 0 0 0 0
0 0 0 0 1 1 1 18 0 46 0 73 120 166 0 0 0 0 0 0 1 3 0 14 0 0 21 54
0 0 0 0 1 1 2 66 0 253 0 79 308 852 0 0 0 0 0 0 0 0 0 0 0 0 0 0
0 0 0 0 0 0 1 8 0 36 0 0 21 107 0 0 0 0 0 0 0 0 0 0 0 0 0 0
0 0 0 0 1 1 1 13 0 37 0 40 44 111 0 0 0 0 0 0 0 0 0 0 0 0 0 0
0 0 0 0 0 0 1 2 0 9 0 0 21 40 0 0 0 0 0 0 0 0 0 0 0 0 0 0
0 0 0 0 0 0 1 8 0 36 0 0 21 107 0 0 0 0 0 0 0 0 0 0 0 0 0 0
0 0 0 0 0 0 0 0 0 0 0 0 0 0 0 0 0 0 0 0 0 0 0 0 0 0 0 0
0 0 0 0 0 0 0 6 0 35 0 0 0 83 0 0 0 0 0 0 0 0 0 0 0 0 0 0
0 0 0 0 0 0 0 6 0 35 0 0 0 83 0 0 0 0 0 0 0 0 0 0 0 0 0 0
0 0 0 0 1 1 2 45 0 156 0 73 208 530 0 0 0 0 0 0 0 0 0 0 0 0 0 0
0 0 0 0 1 1 1 13 0 45 0 40 57 142 0 0 0 0 0 0 0 0 0 0 0 0 0 0
0 0 0 0 1 1 1 9 0 30 0 40 40 90 0 0 0 0 0 0 0 0 0 0 0 0 0 0
0 0 0 0 1 1 1 24 0 74 0 59 160 244 0 0 0 0 0 0 0 0 0 0 0 0 0 0
0 0 0 0 0 0 0 6 0 35 0 0 0 83 0 0 0 0 0 0 0 0 0 0 0 0 0 0
0 0 0 0 0 0 1 4 0 18 0 0 21 62 0 0 0 0 0 0 1 3 0 14 0 0 21 54
0 0 0 0 1 1 1 14 0 39 0 43 71 125 0 0 0 0 0 0 0 0 0 0 0 0 0 0
0 0 0 0 0 0 1 2 0 9 0 0 21 40 0 0 0 0 0 0 0 0 0 0 0 0 0 0
0 0 0 0 0 1 1 9 0 36 0 4 40 107 0 0 0 0 0 0 0 0 0 0 0 0 0 0
0 0 0 0 1 1 1 12 0 37 0 40 40 107 0 0 0 0 0 0 0 0 0 0 0 0 0 0
0 0 0 0 0 0 0 0 0 0 0 0 0 0 0 0 0 0 0 0 0 0 0 0 0 0 0 0
0 0 0 0 0 0 1 9 0 37 0 0 39 125 0 0 0 0 0 0 0 0 0 0 0 0 0 0
0 0 0 0 0 0 0 0 0 0 0 0 0 0 0 0 0 0 0 0 0 0 0 0 0 0 0 0
0 0 0 0 0 0 0 6 0 35 0 0 0 83 0 0 0 0 0 0 0 0 0 0 0 0 0 0
0 0 0 0 0 0 1 9 0 37 0 0 40 126 0 0 0 0 0 0 0 0 0 0 0 0 0 0
0 0 0 0 1 1 1 12 0 36 0 40 44 108 0 0 0 0 0 0 0 0 0 0 0 0 0 0
0 0 0 0 1 1 1 12 0 44 0 40 40 123 0 0 0 0 0 0 0 0 0 0 0 0 0 0
0 0 0 0 0 0 0 0 0 0 0 0 0 0 0 0 0 0 0 0 0 0 0 0 0 0 0 0
0 0 0 0 0 0 0 6 0 35 0 0 0 83 0 0 0 0 0 0 0 0 0 0 0 0 0 0
0 0 0 0 0 1 1 11 0 39 0 4 69 138 0 0 0 0 0 0 1 3 0 14 0 0 21 54
0 0 0 0 0 0 0 1 0 7 0 0 0 16 0 0 0 0 0 0 0 0 0 0 0 0 0 0
0 0 0 0 1 1 1 13 0 38 0 40 61 125 0 0 0 0 0 0 0 0 0 0 0 0 0 0
0 0 0 0 1 1 1 5 0 13 0 40 40 40 0 0 0 0 0 0 0 0 0 0 0 0 0 0
0 0 0 0 1 1 1 36 0 69 0 161 181 198 0 0 0 0 0 0 0 0 0 0 0 0 0 0
0 0 0 0 1 1 1 26 0 67 0 198 198 198 0 0 0 0 0 0 0 0 0 0 0 0 0 0
0 0 0 0 0 0 0 0 0 0 0 0 0 0 0 0 0 0 0 0 0 0 0 0 0 0 0 0
0 0 0 0 0 1 1 10 0 38 0 4 61 130 0 0 0 0 0 0 0 0 0 0 0 0 0 0
0 0 0 0 0 1 1 46 0 170 0 4 394 684 0 0 0 0 0 0 0 0 0 0 0 0 0 0
0 0 0 0 1 1 1 79 0 209 0 248 684 700 0 0 0 0 0 0 0 0 0 0 0 0 0 0
0 0 0 0 1 1 1 32 0 126 0 40 131 403 0 0 0 0 0 0 0 0 0 0 0 0 0 0
0 0 0 0 0 0 0 22 0 122 0 0 0 287 0 0 0 0 0 0 0 0 0 0 0 0 0 0
0 0 0 0 0 0 1 9 0 37 0 0 39 125 0 0 0 0 0 0 0 0 0 0 0 0 0 0
0 0 0 0 1 1 2 71 0 253 0 80 315 852 0 0 0 0 0 0 1 3 0 14 0 0 21 54
0 0 0 0 1 1 1 10 0 37 0 40 40 107 0 0 0 0 0 0 0 0 0 0 0 0 0 0
0 0 0 0 0 1 1 9 0 36 0 4 40 107 0 0 0 0 0 0 0 0 0 0 0 0 0 0
0 0 0 0 1 1 1 5 0 14 0 40 40 43 0 0 0 0 0 0 0 0 0 0 0 0 0 0
0 0 0 0 0 0 0 6 0 35 0 0 0 83 0 0 0 0 0 0 0 0 0 0 0 0 0 0
0 0 0 0 0 0 0 0 0 0 0 0 0 0 0 0 0 0 0 0 0 0 0 0 0 0 0 0
0 0 0 0 0 0 0 6 0 35 0 0 0 83 0 0 0 0 0 0 0 0 0 0 0 0 0 0
0 0 0 0 0 0 0 6 0 35 0 0 0 83 0 0 0 0 0 0 0 0 0 0 0 0 0 0
0 0 0 0 1 2 2 46 0 163 0 77 226 547 0 0 0 0 0 0 0 0 0 0 0 0 0 0
0 0 0 0 1 1 1 11 0 38 0 40 57 125 0 0 0 0 0 0 0 0 0 0 0 0 0 0
0 0 0 0 1 1 1 6 0 14 0 40 40 40 0 0 0 0 0 0 0 0 0 0 0 0 0 0
0 0 0 0 1 1 1 28 0 63 0 160 161 177 0 0 0 0 0 0 0 0 0 0 0 0 0 0
0 0 0 0 0 0 0 6 0 35 0 0 0 83 0 0 0 0 0 0 0 0 0 0 0 0 0 0
0 0 0 0 0 0 0 0 0 0 0 0 0 0 0 0 0 0 0 0 0 0 0 0 0 0 0 0
0 0 0 0 1 1 1 13 0 39 0 40 69 138 0 0 0 0 0 0 1 3 0 14 0 0 21 54
0 0 0 0 1 1 1 6 0 14 0 40 40 40 0 0 0 0 0 0 0 0 0 0 0 0 0 0
0 0 0 0 0 0 0 6 0 35 0 0 0 83 0 0 0 0 0 0 0 0 0 0 0 0 0 0
0 0 0 0 0 1 1 10 0 43 0 4 40 123 0 0 0 0 0 0 0 0 0 0 0 0 0 0
0 0 0 0 0 0 0 0 0 0 0 0 0 0 0 0 0 0 0 0 0 0 0 0 0 0 0 0
0 0 0 0 0 0 1 9 0 37 0 0 39 125 0 0 0 0 0 0 0 0 0 0 0 0 0 0
0 0 0 0 0 0 0 0 0 0 0 0 0 0 0 0 0 0 0 0 0 0 0 0 0 0 0 0
0 0 0 0 1 1 1 10 0 37 0 40 44 111 0 0 0 0 0 0 0 0 0 0 0 0 0 0
0 0 0 0 1 1 1 11 0 38 0 40 58 126 0 0 0 0 0 0 0 0 0 0 0 0 0 0
0 0 0 0 1 1 1 10 0 29 0 40 40 87 0 0 0 0 0 0 0 0 0 0 0 0 0 0
0 0 0 0 0 0 0 6 0 35 0 0 0 83 0 0 0 0 0 0 0 0 0 0 0 0 0 0
0 0 0 0 0 0 0 0 0 0 0 0 0 0 0 0 0 0 0 0 0 0 0 0 0 0 0 0
0 0 0 0 0 0 0 6 0 35 0 0 0 83 0 0 0 0 0 0 0 0 0 0 0 0 0 0
0 0 0 0 0 0 0 6 0 35 0 0 0 83 0 0 0 0 0 0 0 0 0 0 0 0 0 0
0 0 0 0 1 1 1 11 0 22 0 40 40 62 0 0 0 0 0 0 1 3 0 14 0 0 21 54
0 0 0 0 1 1 1 11 0 38 0 40 57 125 0 0 0 0 0 0 0 0 0 0 0 0 0 0
0 0 0 0 0 1 1 4 0 12 0 4 40 40 0 0 0 0 0 0 0 0 0 0 0 0 0 0
0 0 0 0 0 0 1 13 0 49 0 0 108 198 0 0 0 0 0 0 0 0 0 0 0 0 0 0
0 0 0 0 1 1 1 41 0 75 0 164 198 198 0 0 0 0 0 0 0 0 0 0 0 0 0 0
0 0 0 0 0 0 0 0 0 0 0 0 0 0 0 0 0 0 0 0 0 0 0 0 0 0 0 0
0 0 0 0 0 0 0 6 0 35 0 0 0 83 0 0 0 0 0 0 0 0 0 0 0 0 0 0
0 0 0 0 0 1 1 4 0 12 0 4 40 40 0 0 0 0 0 0 0 0 0 0 0 0 0 0
0 0 0 0 1 1 1 12 0 37 0 40 40 107 0 0 0 0 0 0 0 0 0 0 0 0 0 0
0 0 0 0 1 1 1 10 0 37 0 40 40 107 0 0 0 0 0 0 0 0 0 0 0 0 0 0
0 0 0 0 0 1 3 90 0 326 0 30 552 1138 0 0 0 0 0 0 0 0 0 0 0 0 0 0
0 0 0 0 0 0 1 9 0 37 0 0 39 125 0 0 0 0 0 0 0 0 0 0 0 0 0 0
0 0 0 0 0 0 1 19 0 89 0 0 43 254 0 0 0 0 0 0 0 0 0 0 0 0 0 0
0 0 0 0 1 1 2 59 0 241 0 43 145 680 0 0 0 0 0 0 0 5 0 27 0 0 0 65
0 0 0 0 1 1 1 12 0 39 0 40 69 138 0 0 0 0 0 0 1 3 0 14 0 0 21 54
0 0 0 0 1 1 1 6 0 14 0 40 40 40 0 0 0 0 0 0 0 0 0 0 0 0 0 0
0 0 0 0 0 0 1 8 0 36 0 0 21 107 0 0 0 0 0 0 0 0 0 0 0 0 0 0
0 0 0 0 0 0 0 0 0 0 0 0 0 0 0 0 0 0 0 0 0 0 0 0 0 0 0 0
0 0 0 0 0 0 0 6 0 35 0 0 0 83 0 0 0 0 0 0 0 0 0 0 0 0 0 0
0 0 0 0 0 0 0 6 0 35 0 0 0 83 0 0 0 0 0 0 0 0 0 0 0 0 0 0
0 0 0 0 1 1 2 46 0 155 0 73 208 530 0 0 0 0 0 0 0 0 0 0 0 0 0 0
0 0 0 0 0 1 1 9 0 36 0 4 40 107 0 0 0 0 0 0 0 0 0 0 0 0 0 0
0 0 0 0 1 1 1 6 0 17 0 40 40 53 0 0 0 0 0 0 0 0 0 0 0 0 0 0
0 0 0 0 0 1 1 9 0 36 0 4 40 107 0 0 0 0 0 0 0 0 0 0 0 0 0 0
0 0 0 0 1 1 1 29 0 62 0 160 161 177 0 0 0 0 0 0 0 5 0 27 0 0 0 63
0 0 1 0 1 3 3 99 0 364 0 65 582 1302 0 0 1 0 1 2 4 178 0 884 0 41 205 2262
0 0 0 0 0 1 1 9 0 36 0 4 40 107 0 0 0 0 0 0 0 2 0 14 0 0 0 33
0 0 0 0 0 1 1 7 0 22 0 4 61 85 0 0 0 0 0 1 1 7 0 23 0 4 58 86
0 0 0 0 0 0 1 8 0 36 0 0 21 107 0 0 0 0 0 0 0 0 0 0 0 0 0 0
0 0 0 0 1 1 1 12 0 37 0 40 40 107 0 0 0 0 0 0 0 0 0 0 0 0 0 0
0 0 0 0 0 0 0 0 0 0 0 0 0 0 0 0 0 0 0 0 0 0 0 0 0 0 0 0
0 0 0 0 0 0 0 6 0 35 0 0 0 83 0 0 0 0 0 0 0 0 0 0 0 0 0 0
0 0 0 0 0 0 1 4 0 17 0 0 39 71 0 0 0 0 0 0 0 0 0 0 0 0 0 0
0 0 0 0 0 1 1 9 0 36 0 4 40 107 0 0 0 0 0 0 0 0 0 0 0 0 0 0
0 0 0 0 0 0 0 6 0 35 0 0 0 83 0 0 0 0 0 0 0 0 0 0 0 0 0 0
0 0 0 0 0 1 1 4 0 12 0 4 40 40 0 0 0 0 0 0 0 0 0 0 0 0 0 0
0 0 0 0 0 0 0 6 0 35 0 0 0 83 0 0 0 0 0 0 0 0 0 0 0 0 0 0
0 0 0 0 0 0 0 0 0 0 0 0 0 0 0 0 0 0 0 0 0 0 0 0 0 0 0 0
0 0 0 0 0 0 0 6 0 35 0 0 0 83 0 0 0 0 0 0 0 0 0 0 0 0 0 0
0 0 0 0 0 0 0 6 0 35 0 0 0 83 0 0 0 0 0 0 0 0 0 0 0 0 0 0
0 0 0 0 0 1 1 4 0 12 0 4 40 40 0 0 0 0 0 0 0 0 0 0 0 0 0 0
0 0 0 0 1 1 1 12 0 39 0 40 73 138 0 0 0 0 0 0 1 3 0 14 0 0 21 54
0 0 0 0 0 0 1 2 0 9 0 0 21 40 0 0 0 0 0 0 0 0 0 0 0 0 0 0
0 0 0 0 0 0 0 6 0 35 0 0 0 83 0 0 0 0 0 0 0 0 0 0 0 0 0 0
0 0 0 0 1 1 1 22 0 58 0 160 160 177 0 0 0 0 0 0 0 0 0 0 0 0 0 0
0 0 0 0 0 0 0 5 0 28 0 0 0 67 0 0 0 0 0 0 0 0 0 0 0 0 0 0
0 0 0 0 0 1 1 9 0 36 0 4 40 107 0 0 0 0 0 0 0 0 0 0 0 0 0 0
0 0 0 0 1 1 1 7 0 19 0 40 57 71 0 0 0 0 0 0 0 0 0 0 0 0 0 0
0 0 0 0 0 0 1 8 0 36 0 0 21 107 0 0 0 0 0 0 0 0 0 0 0 0 0 0
0 0 0 0 0 1 1 9 0 36 0 4 40 107 0 0 0 0 0 0 0 0 0 0 0 0 0 0
0 0 0 0 0 0 0 0 0 0 0 0 0 0 0 0 0 0 0 0 0 0 0 0 0 0 0 0
0 0 0 0 0 0 0 6 0 35 0 0 0 83 0 0 0 0 0 0 0 0 0 0 0 0 0 0
0 0 0 0 0 0 0 0 0 0 0 0 0 0 0 0 0 0 0 0 0 0 0 0 0 0 0 0
0 0 0 0 1 1 2 74 0 254 0 91 363 852 0 0 0 0 0 0 0 0 0 0 0 0 0 0
0 0 1 0 1 3 3 125 0 413 0 187 868 1610 0 0 1 0 1 3 5 181 0 891 0 41 239 2314
0 0 0 0 1 1 1 8 0 23 0 40 65 85 0 0 0 0 0 0 1 3 0 14 0 0 21 54
0 0 0 0 1 1 1 10 0 37 0 40 40 107 0 0 0 0 0 0 1 6 0 23 0 0 43 89
0 0 0 0 0 0 0 0 0 0 0 0 0 0 0 0 0 0 0 0 0 0 0 0 0 0 0 0
0 0 0 0 0 0 0 6 0 35 0 0 0 83 0 0 0 0 0 0 0 0 0 0 0 0 0 0
0 0 0 0 0 0 0 6 0 35 0 0 0 83 0 0 0 0 0 0 0 0 0 0 0 0 0 0
0 0 0 0 1 1 1 18 0 59 0 43 73 176 0 0 0 0 0 0 0 0 0 0 0 0 0 0
0 0 0 0 0 1 1 35 0 150 0 4 127 461 0 0 0 0 0 0 0 0 0 0 0 0 0 0
0 0 0 0 0 0 1 2 0 11 0 0 21 43 0 0 0 0 0 0 0 0 0 0 0 0 0 0
0 0 0 0 0 0 1 8 0 36 0 0 21 107 0 0 0 0 0 0 0 0 0 0 0 0 0 0
0 0 0 0 0 0 0 6 0 35 0 0 0 83 0 0 0 0 0 0 0 0 0 0 0 0 0 0
0 0 0 0 1 1 1 21 0 54 0 160 160 161 0 0 0 0 0 0 0 0 0 0 0 0 0 0
0 0 0 0 0 0 1 8 0 36 0 0 21 107 0 0 0 0 0 0 0 0 0 0 0 0 0 0
0 0 0 0 0 0 0 1 0 7 0 0 0 16 0 0 0 0 0 0 0 0 0 0 0 0 0 0
0 0 0 0 0 0 0 0 0 0 0 0 0 0 0 0 0 0 0 0 0 0 0 0 0 0 0 0
0 0 0 0 1 1 1 17 0 40 30 40 69 138 0 0 0 0 0 0 1 3 0 14 0 0 21 54
0 0 0 0 0 0 0 0 0 0 0 0 0 0 0 0 0 0 0 0 0 0 0 0 0 0 0 0
0 0 0 0 0 0 0 6 0 35 0 0 0 83 0 0 0 0 0 0 0 0 0 0 0 0 0 0
0 0 0 0 0 0 0 0 0 0 0 0 0 0 0 0 0 0 0 0 0 0 0 0 0 0 0 0
0 0 0 0 0 1 1 9 0 36 0 4 40 107 0 0 0 0 0 0 0 0 0 0 0 0 0 0
0 0 0 0 0 1 1 9 0 36 0 4 40 107 0 0 0 0 0 0 0 0 0 0 0 0 0 0
0 0 0 0 0 0 0 1 0 7 0 0 0 16 0 0 0 0 0 0 0 0 0 0 0 0 0 0
0 0 0 0 0 1 1 9 0 36 0 4 40 107 0 0 0 0 0 0 0 0 0 0 0 0 0 0
0 0 0 0 0 0 0 0 0 0 0 0 0 0 0 0 0 0 0 0 0 0 0 0 0 0 0 0
0 0 0 0 0 0 0 6 0 35 0 0 0 83 0 0 0 0 0 0 0 0 0 0 0 0 0 0
0 0 0 0 0 0 0 6 0 35 0 0 0 83 0 0 0 0 0 0 0 0 0 0 0 0 0 0
0 0 1 0 1 3 6 128 0 537 0 68 411 1525 0 0 1 0 1 4 6 300 0 903 0 286 2883 3228
0 0 0 0 1 1 1 10 0 37 0 40 44 111 0 0 0 0 0 0 0 0 0 0 0 0 0 0
0 0 0 0 0 1 1 5 0 19 0 4 40 62 0 0 0 0 0 0 1 3 0 14 0 0 21 54
0 0 0 0 0 0 1 8 0 36 0 0 21 107 0 0 0 0 0 0 0 0 0 0 0 0 0 0
0 0 0 0 0 0 0 6 0 35 0 0 0 83 0 0 0 0 0 0 0 0 0 0 0 0 0 0
0 0 0 0 1 1 1 21 0 54 0 160 160 161 0 0 0 0 0 0 0 0 0 0 0 0 0 0
0 0 0 0 0 0 0 6 0 35 0 0 0 83 0 0 0 0 0 0 0 0 0 0 0 0 0 0
0 0 0 0 0 0 1 2 0 9 0 0 21 40 0 0 0 0 0 0 0 0 0 0 0 0 0 0
0 0 0 0 1 1 1 10 0 37 0 40 40 107 0 0 0 0 0 0 0 0 0 0 0 0 0 0
0 0 0 0 0 1 1 9 0 36 0 4 40 107 0 0 0 0 0 0 0 0 0 0 0 0 0 0
0 0 0 0 0 0 0 0 0 0 0 0 0 0 0 0 0 0 0 0 0 0 0 0 0 0 0 0
0 0 0 0 0 0 0 6 0 35 0 0 0 83 0 0 0 0 0 0 0 0 0 0 0 0 0 0
0 0 0 0 0 0 0 0 0 0 0 0 0 0 0 0 0 0 0 0 0 0 0 0 0 0 0 0
0 0 0 0 1 1 2 73 0 254 0 91 363 852 0 0 0 0 0 0 0 0 0 0 0 0 0 0
0 0 1 0 3 3 3 124 0 386 0 203 755 1460 0 0 1 0 1 3 6 193 0 886 0 65 410 2415
0 0 2 0 0 1 5 123 0 650 0 4 44 1551 0 0 1 0 0 0 4 178 0 953 0 0 21 2254
0 0 0 0 1 1 1 16 0 40 0 40 69 138 0 0 0 0 1 1 1 9 0 26 0 43 76 89
0 0 1 1 3 4 6 256 0 767 40 347 1719 2681 1 0 2 0 5 5 8 442 0 1490 0 437 3108 5759
0 0 0 0 0 0 0 6 0 35 0 0 0 83 0 0 0 0 0 0 0 0 0 0 0 0 0 0
0 0 0 0 0 1 1 9 0 36 0 4 40 107 0 0 0 0 0 0 1 6 0 23 0 0 43 89
0 0 0 0 0 0 0 1 0 7 0 0 0 16 0 0 0 0 0 0 0 0 0 0 0 0 0 0
0 0 0 0 1 1 2 53 0 157 30 85 265 530 0 0 0 0 0 0 0 0 0 0 0 0 0 0
0 0 0 0 0 0 1 2 0 9 0 0 21 40 0 0 0 0 0 0 0 0 0 0 0 0 0 0
0 0 0 0 0 0 1 8 0 36 0 0 21 107 0 0 0 0 0 0 0 0 0 0 0 0 0 0
0 0 0 0 0 0 0 6 0 35 0 0 0 83 0 0 0 0 0 0 0 0 0 0 0 0 0 0
0 0 0 0 0 0 1 10 0 39 0 0 87 160 0 0 0 0 0 0 0 0 0 0 0 0 0 0
0 0 0 0 0 1 1 17 0 52 0 16 161 177 0 0 0 0 0 0 0 0 0 0 0 0 0 0
0 0 0 0 0 1 1 4 0 12 0 4 40 40 0 0 0 0 0 0 0 0 0 0 0 0 0 0
0 0 0 0 0 0 1 8 0 36 0 0 26 111 0 0 0 0 0 0 0 0 0 0 0 0 0 0
0 0 0 0 0 1 1 9 0 36 0 4 40 107 0 0 0 0 0 0 0 0 0 0 0 0 0 0
0 0 0 0 0 0 1 4 0 18 0 0 21 62 0 0 0 0 0 0 1 3 0 14 0 0 21 54
0 0 0 0 0 0 0 6 0 35 0 0 0 83 0 0 0 0 0 0 0 0 0 0 0 0 0 0
0 0 0 0 0 0 0 1 0 7 0 0 0 17 0 0 0 0 0 0 0 1 0 9 0 0 0 21
0 0 0 0 0 1 1 9 0 36 0 4 40 107 0 0 0 0 0 0 0 0 0 0 0 0 0 0
0 0 0 0 1 1 1 13 0 44 0 40 40 123 0 0 0 0 0 0 0 2 0 15 0 0 0 35
0 0 0 0 0 0 1 2 0 9 0 0 21 40 0 0 0 0 0 0 0 2 0 14 0 0 0 34
0 0 0 0 0 0 0 6 0 35 0 0 0 83 0 0 0 0 0 0 0 0 0 0 0 0 0 0
0 0 0 0 0 0 0 0 0 0 0 0 0 0 0 0 0 0 0 0 0 0 0 0 0 0 0 0
0 0 0 0 0 0 0 6 0 35 0 0 0 83 0 0 0 0 0 0 0 0 0 0 0 0 0 0
0 0 0 0 0 0 0 6 0 35 0 0 0 83 0 0 0 0 0 0 0 0 0 0 0 0 0 0
0 0 0 0 0 0 1 2 0 9 0 0 21 40 0 0 0 0 0 0 0 0 0 0 0 0 0 0
0 0 0 0 1 1 1 10 0 37 0 40 44 111 0 0 0 0 0 0 0 0 0 0 0 0 0 0
0 0 0 0 0 0 0 0 0 0 0 0 0 0 0 0 0 0 0 0 0 0 0 0 0 0 0 0
3 0 5 4 9 15 19 904 0 2047 317 2295 5392 7964 6 0 14 3 15 35 53 6376 0 19818 442 9454 44604 73489
0 0 1 0 2 3 6 107 0 275 0 284 727 994 1 0 3 0 1 4 12 825 0 3934 0 189 1367 10069
0 0 0 0 0 0 0 0 0 0 0 0 0 0 0 0 0 0 0 0 0 0 0 0 0 0 0 0
0 0 1 1 2 3 5 269 0 833 160 486 891 2556 0 0 1 1 1 5 5 498 0 1629 49 575 3881 6559
0 0 0 0 1 1 1 5 0 13 0 40 40 40 0 0 0 0 0 0 0 1 0 9 0 0 0 21
0 0 2 1 2 4 8 668 0 2505 40 243 3650 9032 0 0 1 0 2 3 4 187 0 779 39 211 321 2017
0 0 0 0 0 1 1 9 0 36 0 4 40 107 0 0 0 0 0 0 0 0 0 0 0 0 0 0
0 0 0 0 0 0 0 0 0 0 0 0 0 0 0 0 0 0 0 0 0 0 0 0 0 0 0 0
0 0 0 0 0 0 1 10 0 39 0 0 57 144 0 0 0 0 0 0 0 0 0 0 0 0 0 0
0 0 0 0 0 0 0 2 0 12 0 0 0 29 0 0 0 0 0 0 0 0 0 0 0 0 0 0
0 0 0 0 1 1 2 77 0 253 0 91 363 852 0 0 0 0 0 0 0 0 0 0 0 0 0 0
0 0 0 0 0 0 1 8 0 36 0 0 21 107 0 0 0 0 0 0 0 0 0 0 0 0 0 0
0 0 0 0 0 0 1 4 0 15 0 0 21 56 0 0 0 0 0 0 0 2 0 14 0 0 0 32
0 0 0 0 1 1 1 18 0 53 0 40 127 212 0 0 0 0 0 0 0 0 0 0 0 0 0 0
0 0 0 0 0 0 1 4 0 18 0 0 21 62 0 0 0 0 0 0 1 3 0 14 0 0 21 54
0 0 0 0 1 1 2 18 0 46 0 45 119 171 0 0 0 0 1 1 2 11 0 26 0 52 67 90
0 0 0 0 0 0 1 9 0 43 0 0 22 124 0 0 0 0 0 0 1 3 0 12 0 0 28 52
0 0 0 0 0 0 1 2 0 11 0 0 21 43 0 0 0 0 0 0 0 0 0 0 0 0 0 0
0 0 0 0 1 1 2 50 0 189 0 73 208 614 0 0 0 0 0 0 0 0 0 0 0 0 0 0
0 0 0 0 1 1 1 5 0 13 0 40 40 40 0 0 0 0 0 0 0 1 0 9 0 0 0 21
0 0 0 0 0 0 2 12 0 45 0 0 87 176 0 0 0 0 0 0 1 5 0 28 0 0 0 67
0 0 0 0 0 0 0 6 0 35 0 0 0 83 0 0 0 0 0 0 0 0 0 0 0 0 0 0
0 0 0 0 0 0 0 0 0 0 0 0 0 0 0 0 0 0 0 0 0 0 0 0 0 0 0 0
0 0 0 0 1 1 1 28 0 63 0 160 161 177 0 0 0 0 0 0 0 0 0 0 0 0 0 0
0 0 0 0 0 1 1 5 0 16 0 4 44 57 0 0 0 0 0 0 0 0 0 0 0 0 0 0
0 0 0 0 0 1 1 11 0 49 0 4 40 137 0 0 0 0 0 0 0 0 0 0 0 0 0 0
0 0 0 0 0 0 1 8 0 36 0 0 26 111 0 0 0 0 0 0 0 0 0 0 0 0 0 0
0 0 0 0 0 0 0 1 0 7 0 0 0 16 0 0 0 0 0 0 0 5 0 29 0 0 0 68
0 0 0 0 0 1 1 11 0 39 0 4 69 138 0 0 0 0 0 0 1 3 0 14 0 0 21 54
0 0 1 0 2 4 5 142 0 374 0 401 861 1350 0 0 1 0 1 2 3 157 0 733 0 58 320 1994
0 0 0 0 1 1 1 12 0 38 0 40 62 130 0 0 0 0 0 0 1 3 0 12 0 0 28 52
0 0 0 0 1 1 1 10 0 37 0 40 41 107 0 0 0 0 0 0 1 3 0 12 0 0 28 52
0 0 0 0 0 0 1 2 0 9 0 0 21 40 0 0 0 0 0 0 0 0 0 0 0 0 0 0
0 0 0 0 0 1 1 9 0 36 0 4 40 107 0 0 0 0 0 0 0 0 0 0 0 0 0 0
0 0 0 0 0 0 0 1 0 7 0 0 0 17 0 0 0 0 0 0 0 0 0 0 0 0 0 0
0 0 0 0 0 0 0 6 0 35 0 0 0 83 0 0 0 0 0 0 0 1 0 9 0 0 0 21
0 0 0 0 0 1 2 12 0 47 0 0 65 170 0 0 0 0 0 0 1 6 0 26 0 0 21 83
0 0 0 0 0 0 0 1 0 7 0 0 0 16 0 0 0 0 0 0 0 0 0 0 0 0 0 0
0 0 0 0 1 1 1 12 0 44 0 40 40 123 0 0 0 0 0 0 0 0 0 0 0 0 0 0
0 0 0 0 1 1 1 5 0 13 0 40 40 40 0 0 0 0 0 0 0 1 0 7 0 0 0 16
0 0 0 0 0 0 0 6 0 35 0 0 0 83 0 0 0 0 0 0 0 0 0 0 0 0 0 0
0 0 0 0 0 1 2 12 0 51 0 0 43 163 0 0 0 0 0 2 3 12 0 41 0 4 97 160
0 0 0 0 0 0 1 4 0 18 0 0 21 62 0 0 0 0 0 0 1 3 0 14 0 0 21 54
0 0 0 0 0 1 1 13 0 45 0 4 105 176 0 0 0 0 0 0 0 0 0 0 0 0 0 0
0 0 0 0 1 1 1 20 0 48 0 52 160 161 0 0 0 0 0 0 0 0 0 0 0 0 0 0
0 0 0 0 0 0 1 8 0 36 0 0 21 107 0 0 0 0 0 0 0 0 0 0 0 0 0 0
0 0 0 0 0 1 1 9 0 36 0 4 40 107 0 0 0 0 0 0 0 0 0 0 0 0 0 0
0 0 0 0 0 0 0 0 0 0 0 0 0 0 0 0 0 0 0 0 0 0 0 0 0 0 0 0
0 0 0 0 1 1 1 120 0 254 0 684 684 684 0 0 0 0 0 0 0 0 0 0 0 0 0 0
0 0 0 0 0 0 0 22 0 122 0 0 0 287 0 0 0 0 0 0 0 0 0 0 0 0 0 0
0 0 0 0 1 1 1 48 0 151 0 56 363 575 0 0 0 0 0 0 0 1 0 9 0 0 0 21
0 0 0 0 1 1 2 60 0 241 0 79 145 680 0 0 0 0 0 0 0 0 0 0 0 0 0 0
0 0 0 0 0 0 1 2 0 11 0 0 21 43 0 0 0 0 0 0 0 0 0 0 0 0 0 0
0 0 0 0 0 0 0 6 0 35 0 0 0 83 0 0 0 0 0 0 0 0 0 0 0 0 0 0
0 0 0 0 0 0 1 2 0 9 0 0 21 40 0 0 0 0 0 0 1 5 0 21 0 0 21 70
0 0 0 0 0 0 0 6 0 35 0 0 0 83 0 0 0 0 0 0 0 0 0 0 0 0 0 0
0 0 0 0 0 1 1 11 0 39 0 4 69 138 0 0 0 0 0 0 1 3 0 14 0 0 21 54
0 0 1 0 1 1 3 93 0 435 0 40 185 1193 0 0 0 0 0 0 0 0 0 0 0 0 0 0
0 0 0 0 1 2 3 53 0 170 0 73 318 646 0 0 0 0 0 0 0 0 0 0 0 0 0 0
0 0 0 0 0 0 1 2 0 9 0 0 21 40 0 0 0 0 0 0 0 0 0 0 0 0 0 0
0 0 0 0 0 0 1 8 0 36 0 0 21 107 0 0 0 0 0 0 0 2 0 15 0 0 0 35
0 0 1 0 1 2 3 112 0 456 0 203 267 1236 0 0 0 0 1 2 3 161 0 779 0 82 163 1945
0 0 0 0 0 1 1 36 0 182 0 4 40 450 0 0 0 0 1 1 1 18 0 63 0 40 98 221
0 0 0 0 0 0 0 6 0 35 0 0 0 83 0 0 0 0 0 0 0 0 0 0 0 0 0 0
0 0 0 0 1 1 1 24 0 58 0 160 160 177 0 0 0 0 0 0 0 0 0 0 0 0 0 0
0 0 0 0 1 1 1 10 0 37 0 40 40 107 0 0 0 0 0 0 0 0 0 0 0 0 0 0
0 0 0 0 0 1 1 9 0 36 0 4 40 107 0 0 0 0 0 0 0 0 0 0 0 0 0 0
0 0 0 0 0 0 0 0 0 0 0 0 0 0 0 0 0 0 0 0 0 0 0 0 0 0 0 0
0 0 0 0 0 0 0 6 0 35 0 0 0 83 0 0 0 0 0 0 0 0 0 0 0 0 0 0
0 0 0 0 0 0 1 4 0 18 0 0 21 62 0 0 0 0 0 0 1 3 0 14 0 0 21 54
0 0 0 0 0 1 1 9 0 36 0 4 40 107 0 0 0 0 0 0 0 0 0 0 0 0 0 0
0 0 0 0 0 0 1 8 0 36 0 0 21 107 0 0 0 0 0 0 0 0 0 0 0 0 0 0
0 0 0 0 0 0 1 3 0 12 0 0 21 46 0 0 0 0 0 0 0 0 0 0 0 0 0 0
0 0 0 0 0 0 0 6 0 35 0 0 0 83 0 0 0 0 0 0 0 0 0 0 0 0 0 0
0 0 0 0 0 0 0 0 0 0 0 0 0 0 0 0 0 0 0 0 0 0 0 0 0 0 0 0
0 0 0 0 0 0 0 6 0 35 0 0 0 83 0 0 0 0 0 0 0 0 0 0 0 0 0 0
0 0 0 0 0 0 0 6 0 35 0 0 0 83 0 0 0 0 0 0 0 0 0 0 0 0 0 0
0 0 0 0 0 0 1 2 0 9 0 0 21 40 0 0 0 0 0 0 0 0 0 0 0 0 0 0
0 0 0 0 0 0 1 8 0 36 0 0 21 107 0 0 0 0 0 0 0 0 0 0 0 0 0 0
0 0 0 0 0 1 1 4 0 12 0 4 40 40 0 0 0 0 0 0 0 0 0 0 0 0 0 0
0 0 0 0 0 0 1 8 0 36 0 0 21 107 0 0 0 0 0 0 0 0 0 0 0 0 0 0
0 0 0 0 0 0 0 0 0 0 0 0 0 0 0 0 0 0 0 0 0 0 0 0 0 0 0 0
0 0 0 0 0 0 0 6 0 35 0 0 0 83 0 0 0 0 0 0 0 0 0 0 0 0 0 0
0 0 0 0 0 1 1 12 0 53 0 4 40 146 0 0 0 0 0 0 1 3 0 14 0 0 21 54
0 0 0 0 1 1 1 25 0 54 0 160 160 161 0 0 0 0 0 0 0 0 0 0 0 0 0 0
0 0 0 0 0 0 1 8 0 36 0 0 21 107 0 0 0 0 0 0 0 0 0 0 0 0 0 0
0 0 0 0 0 1 1 9 0 36 0 4 40 107 0 0 0 0 0 0 0 0 0 0 0 0 0 0
0 0 0 0 0 0 0 0 0 0 0 0 0 0 0 0 0 0 0 0 0 0 0 0 0 0 0 0
0 0 0 0 0 0 0 6 0 35 0 0 0 83 0 0 0 0 0 0 0 0 0 0 0 0 0 0
0 0 0 0 0 0 0 0 0 0 0 0 0 0 0 0 0 0 0 0 0 0 0 0 0 0 0 0
0 0 0 0 0 1 1 10 0 38 0 4 61 130 0 0 0 0 0 0 0 2 0 15 0 0 0 35
0 0 0 0 1 1 2 69 0 253 0 79 308 852 0 0 0 0 0 0 0 0 0 0 0 0 0 0
0 0 0 0 0 0 1 8 0 36 0 0 21 107 0 0 0 0 0 0 0 0 0 0 0 0 0 0
0 0 0 0 0 1 1 9 0 36 0 4 40 107 0 0 0 0 0 0 0 0 0 0 0 0 0 0
0 0 0 0 0 0 0 0 0 0 0 0 0 0 0 0 0 0 0 0 0 0 0 0 0 0 0 0
0 0 0 0 0 0 0 6 0 35 0 0 0 83 0 0 0 0 0 0 0 0 0 0 0 0 0 0
0 0 0 0 0 0 0 6 0 35 0 0 0 83 0 0 0 0 0 0 0 0 0 0 0 0 0 0
0 0 0 0 0 1 1 5 0 19 0 4 40 62 0 0 0 0 0 0 1 3 0 14 0 0 21 54
0 0 0 0 1 1 1 21 0 67 0 43 142 249 0 0 0 0 0 0 0 0 0 0 0 0 0 0
0 0 0 0 1 1 1 35 0 147 0 40 61 387 0 0 0 0 0 0 0 0 0 0 0 0 0 0
0 0 0 0 0 0 0 6 0 35 0 0 0 83 0 0 0 0 0 0 0 0 0 0 0 0 0 0
0 0 0 0 0 0 0 0 0 0 0 0 0 0 0 0 0 0 0 0 0 0 0 0 0 0 0 0
0 0 0 0 0 0 0 6 0 35 0 0 0 83 0 0 0 0 0 0 0 0 0 0 0 0 0 0
0 0 0 0 0 0 0 6 0 35 0 0 0 83 0 0 0 0 0 0 0 0 0 0 0 0 0 0
0 0 0 0 1 1 1 5 0 13 0 40 40 40 0 0 0 0 0 0 0 0 0 0 0 0 0 0
0 0 0 0 1 1 1 29 0 78 0 160 160 244 0 0 0 0 0 0 0 0 0 0 0 0 0 0
0 0 0 0 0 1 1 9 0 36 0 4 40 107 0 0 0 0 0 0 0 0 0 0 0 0 0 0
0 0 0 0 0 0 0 0 0 0 0 0 0 0 0 0 0 0 0 0 0 0 0 0 0 0 0 0
0 0 0 0 0 0 0 6 0 35 0 0 0 83 0 0 0 0 0 0 0 0 0 0 0 0 0 0
0 0 0 0 0 0 0 0 0 0 0 0 0 0 0 0 0 0 0 0 0 0 0 0 0 0 0 0
0 0 0 0 1 1 1 12 0 39 0 43 71 125 0 0 0 0 0 0 0 0 0 0 0 0 0 0
0 0 0 0 1 1 1 7 0 20 0 40 40 62 0 0 0 0 0 0 1 3 0 14 0 0 21 54
0 0 0 0 1 1 1 10 0 37 0 40 44 111 0 0 0 0 0 0 0 0 0 0 0 0 0 0
0 0 0 0 0 0 0 6 0 35 0 0 0 83 0 0 0 0 0 0 0 0 0 0 0 0 0 0
0 0 0 0 0 0 0 1 0 7 0 0 0 16 0 0 0 0 0 0 0 2 0 15 0 0 0 36
0 0 0 0 0 0 1 36 0 164 0 0 109 495 0 0 0 0 0 0 0 0 0 0 0 0 0 0
0 0 0 0 0 0 0 6 0 35 0 0 0 83 0 0 0 0 0 0 0 0 0 0 0 0 0 0
0 0 0 0 0 0 1 2 0 9 0 0 21 40 0 0 0 0 0 0 0 0 0 0 0 0 0 0
0 0 1 0 1 1 3 32 0 118 0 40 131 383 0 0 0 0 0 0 0 0 0 0 0 0 0 0
0 0 0 0 0 0 1 2 0 9 0 0 21 40 0 0 0 0 0 0 0 0 0 0 0 0 0 0
0 0 0 0 0 0 1 8 0 36 0 0 21 107 0 0 0 0 0 0 0 0 0 0 0 0 0 0
0 0 0 0 0 0 0 0 0 0 0 0 0 0 0 0 0 0 0 0 0 0 0 0 0 0 0 0
0 0 0 0 0 0 0 6 0 35 0 0 0 83 0 0 0 0 0 0 0 0 0 0 0 0 0 0
0 0 0 0 0 0 1 8 0 36 0 0 21 107 0 0 0 0 0 0 0 0 0 0 0 0 0 0
0 0 0 0 0 1 1 5 0 19 0 4 40 62 0 0 0 0 0 0 1 3 0 14 0 0 21 54
0 0 0 1 1 1 1 38 0 62 40 160 161 177 0 0 0 0 0 0 0 0 0 0 0 0 0 0
0 0 0 0 1 1 1 8 0 23 0 43 74 78 0 0 0 0 0 0 0 0 0 0 0 0 0 0
0 0 0 0 0 0 0 6 0 35 0 0 0 83 0 0 0 0 0 0 0 0 0 0 0 0 0 0
0 0 0 0 0 0 0 6 0 35 0 0 0 83 0 0 0 0 0 0 0 0 0 0 0 0 0 0
0 0 0 0 0 0 0 0 0 0 0 0 0 0 0 0 0 0 0 0 0 0 0 0 0 0 0 0
0 0 0 0 0 0 1 8 0 36 0 0 21 107 0 0 0 0 0 0 0 0 0 0 0 0 0 0
0 0 0 0 1 2 3 70 0 255 0 79 330 875 0 0 0 0 0 0 0 0 0 0 0 0 0 0
0 0 0 0 0 0 1 8 0 36 0 0 26 111 0 0 0 0 0 0 0 0 0 0 0 0 0 0
0 0 0 0 0 0 1 8 0 36 0 0 21 107 0 0 0 0 0 0 0 0 0 0 0 0 0 0
0 0 0 0 0 0 0 0 0 0 0 0 0 0 0 0 0 0 0 0 0 0 0 0 0 0 0 0
0 0 0 0 0 0 0 6 0 35 0 0 0 83 0 0 0 0 0 0 0 0 0 0 0 0 0 0
0 0 0 0 0 0 0 0 0 0 0 0 0 0 0 0 0 0 0 0 0 0 0 0 0 0 0 0
0 0 0 0 0 1 1 9 0 36 0 4 40 107 0 0 0 0 0 0 0 0 0 0 0 0 0 0
0 0 0 0 1 1 1 15 0 40 0 40 73 138 0 0 0 0 0 0 1 3 0 14 0 0 21 54
0 0 0 0 1 1 2 44 0 156 0 73 208 530 0 0 0 0 0 0 0 0 0 0 0 0 0 0
0 0 0 0 0 0 0 6 0 35 0 0 0 83 0 0 0 0 0 0 0 0 0 0 0 0 0 0
0 0 0 0 0 0 0 0 0 0 0 0 0 0 0 0 0 0 0 0 0 0 0 0 0 0 0 0
0 0 0 0 0 0 0 6 0 35 0 0 0 83 0 0 0 0 0 0 0 0 0 0 0 0 0 0
0 0 0 0 0 0 1 8 0 36 0 0 21 107 0 0 0 0 0 0 0 0 0 0 0 0 0 0
0 0 0 0 0 0 1 2 0 9 0 0 21 40 0 0 0 0 0 0 0 0 0 0 0 0 0 0
0 0 0 0 1 1 1 26 0 57 0 160 160 177 0 0 0 0 0 0 0 0 0 0 0 0 0 0
0 0 0 0 0 0 1 6 0 29 0 0 21 90 0 0 0 0 0 0 0 0 0 0 0 0 0 0
0 0 0 0 0 0 0 6 0 35 0 0 0 83 0 0 0 0 0 0 0 0 0 0 0 0 0 0
0 0 0 0 0 0 0 6 0 35 0 0 0 83 0 0 0 0 0 0 0 0 0 0 0 0 0 0
0 0 0 0 0 0 0 0 0 0 0 0 0 0 0 0 0 0 0 0 0 0 0 0 0 0 0 0
0 0 0 0 0 0 1 8 0 36 0 0 21 107 0 0 0 0 0 0 0 0 0 0 0 0 0 0
0 0 0 0 0 1 1 4 0 12 0 4 40 40 0 0 0 0 0 0 0 0 0 0 0 0 0 0
0 0 0 0 1 1 1 12 0 39 0 40 69 138 0 0 0 0 0 0 1 3 0 14 0 0 21 54
0 0 0 0 0 0 1 8 0 36 0 0 26 111 0 0 0 0 0 0 0 0 0 0 0 0 0 0
0 0 0 0 0 0 0 0 0 0 0 0 0 0 0 0 0 0 0 0 0 0 0 0 0 0 0 0
0 0 0 0 0 0 0 6 0 35 0 0 0 83 0 0 0 0 0 0 0 0 0 0 0 0 0 0
0 0 0 0 0 0 0 0 0 0 0 0 0 0 0 0 0 0 0 0 0 0 0 0 0 0 0 0
0 0 0 0 1 1 1 10 0 37 0 40 40 107 0 0 0 0 0 0 0 0 0 0 0 0 0 0
0 0 0 0 1 1 1 10 0 37 0 40 40 107 0 0 0 0 0 0 0 0 0 0 0 0 0 0
0 0 0 0 0 0 0 1 0 7 0 0 0 16 0 0 0 0 0 0 0 0 0 0 0 0 0 0
0 0 0 0 0 0 0 6 0 35 0 0 0 83 0 0 0 0 0 0 0 0 0 0 0 0 0 0
0 0 0 0 0 0 0 0 0 0 0 0 0 0 0 0 0 0 0 0 0 0 0 0 0 0 0 0
0 0 0 0 0 0 0 6 0 35 0 0 0 83 0 0 0 0 0 0 0 0 0 0 0 0 0 0
0 0 0 0 0 0 0 6 0 35 0 0 0 83 0 0 0 0 0 0 0 0 0 0 0 0 0 0
0 0 0 0 0 0 1 2 0 9 0 0 21 40 0 0 0 0 0 0 0 0 0 0 0 0 0 0
0 0 0 0 0 1 1 9 0 36 0 4 40 107 0 0 0 0 0 0 0 0 0 0 0 0 0 0
0 0 0 0 1 1 1 28 0 55 30 160 160 161 0 0 0 0 0 0 1 3 0 14 0 0 21 54
0 0 0 0 0 0 0 6 0 35 0 0 0 83 0 0 0 0 0 0 0 0 0 0 0 0 0 0
0 0 0 0 0 0 0 6 0 35 0 0 0 83 0 0 0 0 0 0 0 0 0 0 0 0 0 0
0 0 0 0 0 0 0 0 0 0 0 0 0 0 0 0 0 0 0 0 0 0 0 0 0 0 0 0
0 0 0 0 0 0 1 8 0 36 0 0 21 107 0 0 0 0 0 0 0 0 0 0 0 0 0 0
0 0 0 0 1 1 2 66 0 253 0 79 308 852 0 0 0 0 0 0 0 0 0 0 0 0 0 0
0 0 0 0 1 1 1 13 0 37 0 40 44 111 0 0 0 0 0 0 0 0 0 0 0 0 0 0
0 0 0 0 0 0 0 6 0 35 0 0 0 83 0 0 0 0 0 0 0 0 0 0 0 0 0 0
0 0 0 0 0 0 0 0 0 0 0 0 0 0 0 0 0 0 0 0 0 0 0 0 0 0 0 0
0 0 0 0 0 0 0 6 0 35 0 0 0 83 0 0 0 0 0 0 0 0 0 0 0 0 0 0
0 0 0 0 0 0 0 0 0 0 0 0 0 0 0 0 0 0 0 0 0 0 0 0 0 0 0 0
0 0 0 0 1 1 1 12 0 37 0 40 40 107 0 0 0 0 0 0 0 0 0 0 0 0 0 0
0 0 0 0 0 0 1 8 0 36 0 0 21 107 0 0 0 0 0 0 0 0 0 0 0 0 0 0
0 0 0 0 1 1 2 49 0 164 0 75 217 550 0 0 0 0 0 0 1 3 0 14 0 0 21 54
0 0 0 0 0 0 0 6 0 35 0 0 0 83 0 0 0 0 0 0 0 0 0 0 0 0 0 0
0 0 0 0 0 0 0 0 0 0 0 0 0 0 0 0 0 0 0 0 0 0 0 0 0 0 0 0
0 0 0 0 0 0 0 6 0 35 0 0 0 83 0 0 0 0 0 0 0 0 0 0 0 0 0 0
0 0 0 0 0 0 0 6 0 35 0 0 0 83 0 0 0 0 0 0 0 0 0 0 0 0 0 0
0 0 0 0 0 1 1 4 0 12 0 4 40 40 0 0 0 0 0 0 0 0 0 0 0 0 0 0
0 0 0 0 1 1 1 10 0 37 0 40 40 107 0 0 0 0 0 0 0 0 0 0 0 0 0 0
0 0 0 0 1 1 1 22 0 54 0 160 160 161 0 0 0 0 0 0 0 0 0 0 0 0 0 0
0 0 0 0 0 0 0 6 0 35 0 0 0 83 0 0 0 0 0 0 0 0 0 0 0 0 0 0
0 0 0 0 0 0 0 6 0 35 0 0 0 83 0 0 0 0 0 0 0 0 0 0 0 0 0 0
0 0 0 0 0 0 0 0 0 0 0 0 0 0 0 0 0 0 0 0 0 0 0 0 0 0 0 0
0 0 0 0 0 0 0 6 0 35 0 0 0 83 0 0 0 0 0 0 0 0 0 0 0 0 0 0
0 0 0 0 1 1 1 6 0 15 0 40 40 43 0 0 0 0 0 0 0 0 0 0 0 0 0 0
0 0 0 0 0 0 0 1 0 7 0 0 0 16 0 0 0 0 0 0 0 0 0 0 0 0 0 0
0 0 0 0 0 0 1 4 0 18 0 0 21 62 0 0 0 0 0 0 1 3 0 14 0 0 21 54
0 0 0 0 0 0 0 0 0 0 0 0 0 0 0 0 0 0 0 0 0 0 0 0 0 0 0 0
0 0 0 0 0 0 0 0 0 0 0 0 0 0 0 0 0 0 0 0 0 0 0 0 0 0 0 0
0 0 0 0 0 0 0 0 0 0 0 0 0 0 0 0 0 0 0 0 0 0 0 0 0 0 0 0
0 0 0 0 0 0 0 1 0 8 0 0 0 20 0 0 0 0 0 0 0 0 0 0 0 0 0 0
0 0 0 0 0 0 1 2 0 11 0 0 21 43 0 0 0 0 0 0 0 0 0 0 0 0 0 0
0 0 0 0 0 0 1 2 0 9 0 0 21 40 0 0 0 0 0 0 0 0 0 0 0 0 0 0
0 0 0 0 0 0 0 0 0 0 0 0 0 0 0 0 0 0 0 0 0 0 0 0 0 0 0 0
0 0 0 0 0 0 0 0 0 0 0 0 0 0 0 0 0 0 0 0 0 0 0 0 0 0 0 0
0 0 0 0 0 0 0 0 0 0 0 0 0 0 0 0 0 0 0 0 0 0 0 0 0 0 0 0
0 0 0 0 0 0 0 1 0 7 0 0 0 16 0 0 0 0 0 0 0 0 0 0 0 0 0 0
0 0 0 0 0 1 1 4 0 12 0 4 40 40 0 0 0 0 0 0 0 2 0 14 0 0 0 34
0 0 0 0 0 0 1 2 0 11 0 0 21 43 0 0 0 0 0 0 0 0 0 0 0 0 0 0
0 0 0 0 1 1 1 17 0 48 0 52 160 160 0 0 0 0 0 0 0 0 0 0 0 0 0 0
0 0 0 0 0 1 1 9 0 33 0 4 69 122 0 0 0 0 0 0 1 3 0 14 0 0 21 54
0 0 0 0 0 0 1 2 0 9 0 0 21 40 0 0 0 0 0 0 1 13 0 72 0 0 0 170
0 0 0 0 0 0 0 0 0 0 0 0 0 0 0 0 0 0 0 0 0 0 0 0 0 0 0 0
0 0 0 0 0 1 1 4 0 12 0 4 40 40 0 0 0 0 0 0 0 0 0 0 0 0 0 0
0 0 0 0 1 1 1 22 0 90 0 43 71 249 0 0 0 0 0 0 0 0 0 0 0 0 0 0
0 0 0 0 1 1 2 52 0 240 0 43 79 610 0 0 0 0 0 0 0 0 0 0 0 0 0 0
0 0 0 0 0 0 0 1 0 7 0 0 0 16 0 0 0 0 0 0 0 0 0 0 0 0 0 0
0 0 0 0 0 0 0 0 0 0 0 0 0 0 0 0 0 0 0 0 0 0 0 0 0 0 0 0
0 0 0 0 0 0 0 0 0 0 0 0 0 0 0 0 0 0 0 0 0 0 0 0 0 0 0 0
0 0 0 0 0 0 0 0 0 0 0 0 0 0 0 0 0 0 0 0 0 0 0 0 0 0 0 0
0 0 0 0 0 1 1 4 0 12 0 4 40 40 0 0 0 0 0 0 0 0 0 0 0 0 0 0
0 0 0 0 0 0 0 1 0 7 0 0 0 16 0 0 0 0 0 0 0 0 0 0 0 0 0 0
0 0 0 0 1 2 2 45 0 156 0 77 226 530 0 0 0 0 0 0 0 0 0 0 0 0 0 0
0 0 0 0 0 0 0 1 0 7 0 0 0 16 0 0 0 0 0 0 0 0 0 0 0 0 0 0
0 0 0 0 0 0 1 4 0 18 0 0 21 62 0 0 0 0 0 0 1 3 0 14 0 0 21 54
0 0 0 0 0 0 0 0 0 0 0 0 0 0 0 0 0 0 0 0 0 0 0 0 0 0 0 0
0 0 0 0 0 0 0 1 0 7 0 0 0 16 0 0 0 0 0 0 0 0 0 0 0 0 0 0
0 0 0 0 0 1 1 4 0 12 0 4 40 43 0 0 0 0 0 0 0 0 0 0 0 0 0 0
0 0 0 0 0 0 0 1 0 7 0 0 0 16 0 0 0 0 0 0 0 0 0 0 0 0 0 0
0 0 0 0 0 1 1 6 0 18 0 4 57 71 0 0 0 0 0 0 0 0 0 0 0 0 0 0
0 0 0 0 1 1 1 21 0 54 0 160 160 161 0 0 0 0 0 0 0 0 0 0 0 0 0 0
0 0 0 0 0 0 0 0 0 0 0 0 0 0 0 0 0 0 0 0 0 0 0 0 0 0 0 0
0 0 0 0 0 0 0 0 0 0 0 0 0 0 0 0 0 0 0 0 0 0 0 0 0 0 0 0
0 0 0 0 0 1 1 4 0 12 0 4 40 40 0 0 0 0 0 0 0 0 0 0 0 0 0 0
0 0 0 0 0 1 1 4 0 12 0 4 40 40 0 0 0 0 0 0 0 0 0 0 0 0 0 0
0 0 0 0 0 0 0 1 0 7 0 0 0 16 0 0 0 0 0 0 0 0 0 0 0 0 0 0
0 0 0 0 0 0 0 0 0 0 0 0 0 0 0 0 0 0 0 0 0 0 0 0 0 0 0 0
0 0 0 0 0 0 1 4 0 18 0 0 21 62 0 0 0 0 0 0 1 3 0 14 0 0 21 54
0 0 0 0 0 0 0 0 0 0 0 0 0 0 0 0 0 0 0 0 0 0 0 0 0 0 0 0
0 0 0 0 0 0 0 0 0 0 0 0 0 0 0 0 0 0 0 0 0 0 0 0 0 0 0 0
0 0 0 0 0 0 0 1 0 7 0 0 0 16 0 0 0 0 0 0 0 0 0 0 0 0 0 0
0 0 0 0 1 1 1 5 0 13 0 40 40 40 0 0 0 0 0 0 0 0 0 0 0 0 0 0
0 0 0 0 0 0 1 2 0 9 0 0 21 40 0 0 0 0 0 0 0 0 0 0 0 0 0 0
0 0 0 0 0 0 0 0 0 0 0 0 0 0 0 0 0 0 0 0 0 0 0 0 0 0 0 0
0 0 0 0 0 0 0 0 0 0 0 0 0 0 0 0 0 0 0 0 0 0 0 0 0 0 0 0
0 0 0 0 0 0 0 0 0 0 0 0 0 0 0 0 0 0 0 0 0 0 0 0 0 0 0 0
0 0 0 0 0 0 0 1 0 7 0 0 0 16 0 0 0 0 0 0 0 0 0 0 0 0 0 0
0 0 0 0 1 1 1 5 0 13 0 40 40 40 0 0 0 0 0 0 0 0 0 0 0 0 0 0
0 0 0 0 0 0 0 1 0 7 0 0 0 16 0 0 0 0 0 0 0 0 0 0 0 0 0 0
0 0 0 0 0 0 0 1 0 7 0 0 0 16 0 0 0 0 0 0 0 0 0 0 0 0 0 0
0 0 1 0 1 1 3 112 0 390 0 161 406 1242 0 0 0 0 0 0 0 0 0 0 0 0 0 0
0 0 1 0 1 1 3 122 0 614 0 45 109 1512 0 0 1 0 1 3 5 166 0 718 0 43 554 2197
0 0 0 0 0 0 0 1 0 7 0 0 0 16 0 0 0 0 0 0 0 2 0 14 0 0 0 34
0 0 0 0 0 1 1 4 0 12 0 4 40 40 0 0 0 0 0 0 0 0 0 0 0 0 0 0
0 0 0 0 1 1 1 93 0 231 0 684 684 684 0 0 0 0 0 0 0 0 0 0 0 0 0 0
0 0 0 0 1 2 2 92 0 228 0 477 643 807 0 0 0 0 0 0 0 0 0 0 0 0 0 0
0 0 0 0 0 1 1 53 0 173 0 22 479 684 0 0 0 0 0 0 0 0 0 0 0 0 0 0
0 0 0 0 0 0 0 0 0 0 0 0 0 0 0 0 0 0 0 0 0 0 0 0 0 0 0 0
0 0 0 0 0 0 0 0 0 0 0 0 0 0 0 0 0 0 0 0 0 0 0 0 0 0 0 0
0 0 1 0 0 1 3 90 0 374 0 0 415 1265 0 0 0 0 0 0 0 0 0 0 0 0 0 0
0 0 0 0 0 1 1 4 0 12 0 4 40 40 0 0 0 0 0 0 0 0 0 0 0 0 0 0
0 0 0 0 1 1 1 5 0 13 0 40 40 40 0 0 0 0 0 0 0 0 0 0 0 0 0 0
0 0 0 0 0 0 0 10 0 57 0 0 0 133 0 0 0 0 0 0 0 0 0 0 0 0 0 0
0 0 0 0 0 1 1 32 0 147 0 7 73 387 0 0 0 0 0 0 0 0 0 0 0 0 0 0
0 0 0 0 0 0 0 0 0 0 0 0 0 0 0 0 0 0 0 0 0 0 0 0 0 0 0 0
0 0 0 0 0 0 1 4 0 18 0 0 21 62 0 0 0 0 0 0 1 3 0 14 0 0 21 54
0 0 0 0 0 0 0 1 0 7 0 0 0 16 0 0 0 0 0 0 0 0 0 0 0 0 0 0
0 0 0 0 0 1 1 4 0 12 0 4 40 40 0 0 0 0 0 0 0 0 0 0 0 0 0 0
0 0 0 0 0 0 0 1 0 7 0 0 0 16 0 0 0 0 0 0 0 0 0 0 0 0 0 0
0 0 0 0 0 0 1 2 0 9 0 0 21 40 0 0 0 0 0 0 0 0 0 0 0 0 0 0
0 0 0 0 0 0 1 10 0 39 0 0 87 160 0 0 0 0 0 0 0 0 0 0 0 0 0 0
0 0 0 0 0 0 1 10 0 40 0 0 88 161 0 0 0 0 0 0 0 0 0 0 0 0 0 0
0 0 0 0 0 0 0 0 0 0 0 0 0 0 0 0 0 0 0 0 0 0 0 0 0 0 0 0
0 0 0 0 0 1 1 4 0 12 0 4 40 40 0 0 0 0 0 0 0 0 0 0 0 0 0 0
0 0 0 0 0 1 1 4 0 12 0 4 40 40 0 0 0 0 0 0 0 0 0 0 0 0 0 0
0 0 0 0 0 0 0 1 0 7 0 0 0 16 0 0 0 0 0 0 0 0 0 0 0 0 0 0
0 0 0 0 0 0 0 0 0 0 0 0 0 0 0 0 0 0 0 0 0 0 0 0 0 0 0 0
0 0 0 0 0 0 0 0 0 0 0 0 0 0 0 0 0 0 0 0 0 0 0 0 0 0 0 0
0 0 0 0 0 0 0 0 0 0 0 0 0 0 0 0 0 0 0 0 0 0 0 0 0 0 0 0
0 0 0 0 0 0 1 4 0 18 0 0 21 62 0 0 0 0 0 0 1 3 0 14 0 0 21 54
0 0 0 0 0 1 1 4 0 12 0 4 40 40 0 0 0 0 0 0 0 0 0 0 0 0 0 0
0 0 0 0 0 0 1 2 0 11 0 0 21 43 0 0 0 0 0 0 0 0 0 0 0 0 0 0
0 0 0 0 0 0 0 1 0 7 0 0 0 16 0 0 0 0 0 0 0 0 0 0 0 0 0 0
0 0 0 0 0 0 0 0 0 0 0 0 0 0 0 0 0 0 0 0 0 0 0 0 0 0 0 0
0 0 0 0 0 0 0 0 0 0 0 0 0 0 0 0 0 0 0 0 0 0 0 0 0 0 0 0
0 0 0 0 0 0 0 0 0 0 0 0 0 0 0 0 0 0 0 0 0 0 0 0 0 0 0 0
0 0 0 0 0 0 0 1 0 7 0 0 0 16 0 0 0 0 0 0 0 0 0 0 0 0 0 0
0 0 0 0 0 0 1 2 0 9 0 0 21 40 0 0 0 0 0 0 0 0 0 0 0 0 0 0
0 0 0 0 0 0 1 2 0 11 0 0 21 43 0 0 0 0 0 0 0 0 0 0 0 0 0 0
0 0 0 0 0 0 0 1 0 7 0 0 0 16 0 0 0 0 0 0 0 0 0 0 0 0 0 0
0 0 0 0 0 0 0 0 0 0 0 0 0 0 0 0 0 0 0 0 0 0 0 0 0 0 0 0
0 0 0 0 1 1 1 21 0 54 0 160 160 161 0 0 0 0 0 0 0 0 0 0 0 0 0 0
0 0 0 0 0 0 1 4 0 18 0 0 21 62 0 0 0 0 0 0 1 3 0 14 0 0 21 54
0 0 0 0 0 0 0 1 0 7 0 0 0 16 0 0 0 0 0 0 0 0 0 0 0 0 0 0
0 0 0 0 0 0 1 2 0 9 0 0 21 40 0 0 0 0 0 0 0 0 0 0 0 0 0 0
0 0 1 0 1 2 3 70 0 260 0 83 326 869 0 0 0 0 0 0 0 0 0 0 0 0 0 0
0 0 0 0 0 0 0 1 0 7 0 0 0 16 0 0 0 0 0 0 0 0 0 0 0 0 0 0
0 0 0 0 0 0 0 0 0 0 0 0 0 0 0 0 0 0 0 0 0 0 0 0 0 0 0 0
0 0 0 0 0 0 0 0 0 0 0 0 0 0 0 0 0 0 0 0 0 0 0 0 0 0 0 0
0 0 0 0 0 0 0 0 0 0 0 0 0 0 0 0 0 0 0 0 0 0 0 0 0 0 0 0
0 0 0 0 0 0 0 0 0 0 0 0 0 0 0 0 0 0 0 0 0 0 0 0 0 0 0 0
0 0 0 0 0 0 1 2 0 9 0 0 21 40 0 0 0 0 0 0 0 0 0 0 0 0 0 0
0 0 0 0 0 1 1 4 0 12 0 4 40 43 0 0 0 0 0 0 0 0 0 0 0 0 0 0
0 0 0 0 1 1 2 44 0 156 0 73 208 530 0 0 0 0 0 0 0 0 0 0 0 0 0 0
1 0 2 0 3 7 8 192 0 648 0 179 1267 2436 2 0 7 0 2 7 22 2018 0 10359 0 382 1061 25095
0 0 2 0 0 1 7 145 0 761 0 0 65 1851 0 0 3 0 0 6 13 657 0 2727 0 0 2906 9125
0 0 1 0 2 3 5 153 0 647 0 96 464 1876 0 0 1 0 1 3 5 261 0 1188 0 107 566 3182
0 0 0 0 0 1 1 4 0 12 0 4 40 43 0 0 0 0 0 0 0 0 0 0 0 0 0 0
0 0 0 0 0 0 0 1 0 7 0 0 0 16 0 0 0 0 0 0 0 0 0 0 0 0 0 0
0 0 0 0 0 0 1 2 0 9 0 0 21 40 0 0 0 0 0 0 0 0 0 0 0 0 0 0
0 0 0 0 0 0 0 0 0 0 0 0 0 0 0 0 0 0 0 0 0 0 0 0 0 0 0 0
0 0 0 0 1 1 1 21 0 54 0 160 160 161 0 0 0 0 0 0 0 0 0 0 0 0 0 0
0 0 0 0 0 0 0 0 0 0 0 0 0 0 0 0 0 0 0 0 0 0 0 0 0 0 0 0
0 0 0 0 0 0 0 1 0 7 0 0 0 16 0 0 0 0 0 0 0 0 0 0 0 0 0 0
0 0 0 0 0 1 1 5 0 15 0 4 40 53 0 0 0 0 0 0 0 0 0 0 0 0 0 0
0 0 0 0 0 0 1 3 0 14 0 0 21 53 0 0 0 0 0 0 0 0 0 0 0 0 0 0
0 0 0 0 0 0 1 2 0 11 0 0 21 43 0 0 0 0 0 0 0 0 0 0 0 0 0 0
0 0 0 0 0 0 0 0 0 0 0 0 0 0 0 0 0 0 0 0 0 0 0 0 0 0 0 0
0 0 0 0 0 0 0 0 0 0 0 0 0 0 0 0 0 0 0 0 0 0 0 0 0 0 0 0
0 0 0 0 0 0 0 0 0 0 0 0 0 0 0 0 0 0 0 0 0 0 0 0 0 0 0 0
0 0 0 0 1 1 1 8 0 23 0 40 63 87 0 0 0 0 0 1 1 7 0 23 0 4 58 86
0 0 0 0 1 1 1 5 0 13 0 40 40 40 0 0 0 0 0 0 0 0 0 0 0 0 0 0
0 0 0 0 0 0 1 2 0 9 0 0 21 40 0 0 0 0 0 0 0 0 0 0 0 0 0 0
0 0 0 0 0 0 0 0 0 0 0 0 0 0 0 0 0 0 0 0 0 0 0 0 0 0 0 0
0 0 0 0 0 0 0 0 0 0 0 0 0 0 0 0 0 0 0 0 0 0 0 0 0 0 0 0
0 0 0 0 0 0 0 0 0 0 0 0 0 0 0 0 0 0 0 0 0 0 0 0 0 0 0 0
0 0 0 0 0 0 0 0 0 0 0 0 0 0 0 0 0 0 0 0 0 0 0 0 0 0 0 0
0 0 0 0 0 0 1 2 0 11 0 0 21 43 0 0 0 0 0 0 0 0 0 0 0 0 0 0
0 0 2 0 1 6 9 193 0 700 0 54 1301 2670 0 0 2 0 0 6 9 315 0 1080 0 85 2567 4250
0 0 0 0 0 0 1 2 0 9 0 0 21 40 0 0 0 0 0 0 0 0 0 0 0 0 0 0
0 0 0 0 0 0 1 4 0 17 0 0 39 71 0 0 0 0 0 0 0 0 0 0 0 0 0 0
0 0 0 0 0 0 1 10 0 39 0 0 87 160 0 0 0 0 0 0 0 0 0 0 0 0 0 0
0 0 0 0 0 0 1 10 0 40 0 0 88 161 0 0 0 0 0 0 0 0 0 0 0 0 0 0
0 0 0 0 0 0 0 0 0 0 0 0 0 0 0 0 0 0 0 0 0 0 0 0 0 0 0 0
0 0 0 0 1 1 1 8 0 20 0 40 40 62 0 0 0 0 0 0 1 3 0 14 0 0 21 54
0 0 0 0 1 1 2 29 0 90 30 79 80 256 0 0 0 0 0 0 1 3 0 12 0 0 28 52
0 0 0 0 0 0 1 44 0 241 0 0 0 564 0 0 0 0 0 0 0 0 0 0 0 0 0 0
0 0 0 0 0 0 0 0 0 0 0 0 0 0 0 0 0 0 0 0 0 0 0 0 0 0 0 0
0 0 0 0 0 0 0 0 0 0 0 0 0 0 0 0 0 0 0 0 0 0 0 0 0 0 0 0
0 0 0 0 0 0 0 0 0 0 0 0 0 0 0 0 0 0 0 0 0 0 0 0 0 0 0 0
0 0 0 0 0 0 1 2 0 9 0 0 21 40 0 0 0 0 0 0 0 0 0 0 0 0 0 0
0 0 0 0 0 1 2 8 0 26 0 4 65 96 0 0 0 0 0 0 1 4 0 19 0 0 21 66
0 0 0 0 0 0 0 1 0 7 0 0 0 16 0 0 0 0 0 0 0 0 0 0 0 0 0 0
0 0 0 0 1 1 2 44 0 156 0 73 208 530 0 0 0 0 0 0 0 0 0 0 0 0 0 0
0 0 0 0 0 0 0 0 0 0 0 0 0 0 0 0 0 0 0 0 0 0 0 0 0 0 0 0
0 0 0 0 0 0 1 5 0 28 0 0 0 67 0 0 1 0 0 0 2 9 0 51 0 0 0 120
0 0 1 0 2 4 4 95 0 239 0 312 487 790 0 0 1 0 2 5 5 346 0 1055 60 513 2694 4132
0 0 1 0 1 3 5 84 0 341 0 96 242 991 0 0 1 0 1 3 6 187 0 868 0 54 360 2374
0 0 0 0 1 2 3 57 0 197 0 67 324 627 0 0 1 0 0 3 4 138 0 693 0 8 155 1745
0 0 1 1 3 3 5 144 0 404 40 336 782 1490 0 0 1 0 2 5 6 321 0 1088 30 141 2393 4270
0 0 0 0 0 0 0 0 0 0 0 0 0 0 0 0 0 0 0 0 0 0 0 0 0 0 0 0
0 0 1 0 0 3 4 81 0 356 0 12 242 1025 0 0 1 0 0 4 7 183 0 870 0 5 372 2397
0 0 0 0 1 1 1 21 0 54 0 160 160 161 0 0 0 0 0 0 0 0 0 0 0 0 0 0
0 0 0 0 2 2 2 69 0 238 0 128 291 713 0 0 1 0 2 3 4 155 0 696 0 96 379 1942
0 0 1 0 2 2 5 80 0 347 0 94 213 976 0 0 1 0 0 3 6 182 0 869 0 5 350 2374
0 0 1 0 1 2 4 125 0 614 0 49 134 1553 0 0 1 0 0 3 6 164 0 730 0 0 522 2226
0 0 0 0 0 0 0 1 0 7 0 0 0 16 0 0 0 0 0 0 0 0 0 0 0 0 0 0
0 0 0 0 0 0 0 0 0 0 0 0 0 0 0 0 0 0 0 0 0 0 0 0 0 0 0 0
0 0 0 0 0 0 0 0 0 0 0 0 0 0 0 0 0 0 0 0 0 0 0 0 0 0 0 0
0 0 0 0 0 0 0 0 0 0 0 0 0 0 0 0 0 0 0 0 0 0 0 0 0 0 0 0
0 0 0 0 0 0 0 1 0 8 0 0 0 20 0 0 0 0 0 0 0 0 0 0 0 0 0 0
0 0 0 0 1 1 1 7 0 20 0 40 40 62 0 0 0 0 0 0 1 3 0 14 0 0 21 54
0 0 0 0 0 0 0 1 0 8 0 0 0 20 0 0 0 0 0 0 0 0 0 0 0 0 0 0
0 0 0 0 0 0 0 1 0 7 0 0 0 16 0 0 0 0 0 0 0 0 0 0 0 0 0 0
0 0 0 0 0 0 0 0 0 0 0 0 0 0 0 0 0 0 0 0 0 0 0 0 0 0 0 0
0 0 0 0 0 0 0 0 0 0 0 0 0 0 0 0 0 0 0 0 0 0 0 0 0 0 0 0
0 0 0 0 0 1 1 14 0 60 0 4 44 168 0 0 0 0 0 0 1 4 0 22 0 0 0 53
0 0 1 0 1 2 4 80 0 348 0 44 224 1007 0 0 1 0 1 3 5 182 0 867 0 57 317 2310
0 0 0 0 0 0 0 0 0 0 0 0 0 0 0 0 0 0 0 0 0 0 0 0 0 0 0 0
0 0 0 0 0 1 1 4 0 12 0 4 40 40 0 0 0 0 0 0 0 0 0 0 0 0 0 0
0 0 0 0 0 0 0 0 0 0 0 0 0 0 0 0 0 0 0 0 0 0 0 0 0 0 0 0
0 0 0 0 0 0 0 0 0 0 0 0 0 0 0 0 0 0 0 0 0 0 0 0 0 0 0 0
0 0 0 0 1 1 1 21 0 54 0 160 160 161 0 0 0 0 0 0 0 0 0 0 0 0 0 0
0 0 0 0 0 0 0 1 0 7 0 0 0 16 0 0 0 0 0 0 0 0 0 0 0 0 0 0
0 0 0 0 0 0 0 1 0 7 0 0 0 16 0 0 0 0 0 0 0 0 0 0 0 0 0 0
0 0 0 0 1 1 1 7 0 20 0 40 40 62 0 0 0 0 0 0 1 3 0 14 0 0 21 54
0 0 0 0 1 1 2 69 0 253 0 79 308 852 0 0 0 0 0 0 0 0 0 0 0 0 0 0
0 0 0 0 0 0 0 0 0 0 0 0 0 0 0 0 0 0 0 0 0 0 0 0 0 0 0 0
0 0 0 0 0 0 0 0 0 0 0 0 0 0 0 0 0 0 0 0 0 0 0 0 0 0 0 0
0 0 0 0 0 0 1 11 0 60 0 0 0 141 0 0 0 0 0 0 1 4 0 16 0 0 26 61
0 0 0 0 0 0 1 2 0 9 0 0 21 40 0 0 0 0 0 0 0 0 0 0 0 0 0 0
0 0 1 0 1 3 5 83 0 355 0 48 242 1024 0 0 1 0 0 3 6 182 0 882 0 5 307 2361
0 0 0 0 0 0 0 1 0 8 0 0 0 20 0 0 0 0 0 0 0 0 0 0 0 0 0 0
0 0 1 0 1 2 4 66 0 203 30 97 333 649 0 0 1 0 1 2 3 159 0 731 0 118 255 1923
0 0 0 0 0 0 1 27 0 147 0 0 0 345 0 0 0 0 0 0 0 0 0 0 0 0 0 0
0 0 0 0 0 0 0 0 0 0 0 0 0 0 0 0 0 0 0 0 0 0 0 0 0 0 0 0
0 0 1 0 0 1 4 44 0 220 0 5 52 547 0 0 1 0 0 0 4 239 0 1287 0 0 0 3013
1 0 1 2 4 4 6 216 0 505 233 503 1120 1732 1 0 2 2 5 6 7 480 0 1249 105 949 3847 4270
0 0 0 0 0 1 1 4 0 12 0 4 40 40 0 0 0 0 0 0 0 1 0 7 0 0 0 16
0 0 0 0 1 1 1 8 0 20 0 40 40 62 0 0 0 0 0 0 1 3 0 14 0 0 21 54
0 0 0 0 0 0 0 0 0 0 0 0 0 0 0 0 0 0 0 0 0 0 0 0 0 0 0 0
0 0 0 0 0 0 0 0 0 0 0 0 0 0 0 0 0 0 0 0 0 0 0 0 0 0 0 0
0 0 0 0 0 0 0 5 0 28 0 0 0 67 0 0 0 0 0 0 0 0 0 0 0 0 0 0
0 0 0 0 1 1 1 17 0 48 0 52 160 161 0 0 0 0 0 0 0 0 0 0 0 0 0 0
0 0 1 0 1 3 3 101 0 363 0 65 582 1302 0 0 1 0 0 2 4 177 0 884 0 5 205 2262
0 0 0 0 0 0 0 1 0 7 0 0 0 16 0 0 0 0 0 0 0 1 0 7 0 0 0 16
0 0 0 0 0 1 1 4 0 12 0 4 40 40 0 0 0 0 0 0 1 6 0 23 0 0 43 89
0 0 0 0 0 0 0 0 0 0 0 0 0 0 0 0 0 0 0 0 0 0 0 0 0 0 0 0
0 0 0 0 0 0 0 0 0 0 0 0 0 0 0 0 0 0 0 0 0 0 0 0 0 0 0 0
0 0 0 0 0 0 0 0 0 0 0 0 0 0 0 0 0 0 0 0 0 0 0 0 0 0 0 0
0 0 1 0 0 0 3 38 0 201 0 0 21 494 0 0 0 0 0 0 0 30 0 162 0 0 0 381
0 0 0 0 1 1 1 5 0 15 0 40 40 46 0 0 0 0 0 0 0 0 0 0 0 0 0 0
0 0 0 0 1 1 1 9 0 21 0 40 40 62 0 0 0 0 0 0 1 3 0 14 0 0 21 54
0 0 0 0 0 0 0 0 0 0 0 0 0 0 0 0 0 0 0 0 0 0 0 0 0 0 0 0
0 0 0 0 0 0 0 0 0 0 0 0 0 0 0 0 0 0 0 0 0 0 0 0 0 0 0 0
0 0 1 0 1 2 3 120 0 522 0 70 267 1392 0 0 0 0 2 2 2 173 0 779 0 129 268 2017
0 0 0 0 0 0 0 0 0 0 0 0 0 0 0 0 0 0 0 0 0 0 0 0 0 0 0 0
0 0 0 0 0 0 1 2 0 9 0 0 21 40 0 0 0 0 0 0 0 0 0 0 0 0 0 0
0 0 0 0 1 1 1 5 0 13 0 40 40 40 0 0 0 0 0 0 0 0 0 0 0 0 0 0
0 0 0 0 0 0 0 1 0 7 0 0 0 16 0 0 0 0 0 0 0 0 0 0 0 0 0 0
0 0 0 0 0 0 0 0 0 0 0 0 0 0 0 0 0 0 0 0 0 0 0 0 0 0 0 0
0 0 0 0 0 0 0 0 0 0 0 0 0 0 0 0 0 0 0 0 0 0 0 0 0 0 0 0
0 0 0 0 0 0 0 0 0 0 0 0 0 0 0 0 0 0 0 0 0 0 0 0 0 0 0 0
0 0 0 0 1 1 1 22 0 54 0 160 160 161 0 0 0 0 0 0 0 0 0 0 0 0 0 0
0 0 1 0 3 3 5 102 0 352 0 312 339 1008 0 0 1 0 2 4 5 315 0 1083 30 148 2322 4247
0 0 0 0 1 1 1 8 0 20 0 40 57 71 0 0 0 0 0 0 0 0 0 0 0 0 0 0
0 0 0 0 1 1 2 73 0 252 30 80 315 852 0 0 0 0 0 0 1 3 0 14 0 0 21 54
0 0 0 0 0 0 0 0 0 0 0 0 0 0 0 0 0 0 0 0 0 0 0 0 0 0 0 0
0 0 0 0 0 0 0 0 0 0 0 0 0 0 0 0 0 0 0 0 0 0 0 0 0 0 0 0
0 0 0 0 0 0 0 0 0 0 0 0 0 0 0 0 0 0 0 0 0 0 0 0 0 0 0 0
0 0 0 0 0 1 1 4 0 12 0 4 40 40 0 0 0 0 0 0 0 0 0 0 0 0 0 0
0 0 0 0 0 0 1 2 0 9 0 0 21 40 0 0 0 0 0 0 0 0 0 0 0 0 0 0
0 0 0 0 0 0 0 1 0 8 0 0 0 20 0 0 0 0 0 0 0 0 0 0 0 0 0 0
0 0 0 0 0 0 0 0 0 0 0 0 0 0 0 0 0 0 0 0 0 0 0 0 0 0 0 0
0 0 0 0 1 1 2 42 0 156 0 73 208 530 0 0 0 0 0 0 0 0 0 0 0 0 0 0
0 0 0 0 0 0 0 0 0 0 0 0 0 0 0 0 0 0 0 0 0 0 0 0 0 0 0 0
0 0 0 0 0 0 0 1 0 7 0 0 0 16 0 0 0 0 0 0 0 0 0 0 0 0 0 0
0 0 0 0 0 0 0 1 0 7 0 0 0 16 0 0 0 0 0 0 0 0 0 0 0 0 0 0
0 0 0 0 0 1 1 4 0 12 0 4 40 40 0 0 0 0 0 0 0 0 0 0 0 0 0 0
0 0 0 0 0 0 1 2 0 9 0 0 21 40 0 0 0 0 0 0 0 0 0 0 0 0 0 0
0 0 0 0 0 1 1 6 0 21 0 4 57 80 0 0 0 0 0 0 1 3 0 14 0 0 21 54
0 0 0 0 0 0 0 2 0 12 0 0 0 29 0 0 0 0 0 0 0 0 0 0 0 0 0 0
0 0 0 0 0 0 0 0 0 0 0 0 0 0 0 0 0 0 0 0 0 0 0 0 0 0 0 0
0 0 1 1 1 3 3 128 0 392 49 163 581 1381 0 0 1 0 1 2 4 178 0 884 0 41 205 2262
0 0 0 0 0 0 1 2 0 9 0 0 21 40 0 0 0 0 0 0 0 0 0 0 0 0 0 0
0 0 0 0 1 1 1 5 0 13 0 40 40 40 0 0 0 0 0 0 1 6 0 23 0 0 43 89
0 0 0 0 0 0 0 1 0 8 0 0 0 20 0 0 0 0 0 0 0 0 0 0 0 0 0 0
0 0 0 0 0 0 0 0 0 0 0 0 0 0 0 0 0 0 0 0 0 0 0 0 0 0 0 0
0 0 0 0 0 0 0 0 0 0 0 0 0 0 0 0 0 0 0 0 0 0 0 0 0 0 0 0
0 0 0 0 0 0 0 0 0 0 0 0 0 0 0 0 0 0 0 0 0 0 0 0 0 0 0 0
0 0 0 0 0 1 1 4 0 12 0 4 40 43 0 0 0 0 0 0 0 0 0 0 0 0 0 0
0 0 0 0 0 0 1 2 0 11 0 0 21 43 0 0 0 0 0 0 0 0 0 0 0 0 0 0
0 0 0 0 0 0 0 0 0 0 0 0 0 0 0 0 0 0 0 0 0 0 0 0 0 0 0 0
0 0 0 0 0 0 0 0 0 0 0 0 0 0 0 0 0 0 0 0 0 0 0 0 0 0 0 0
0 0 0 0 0 0 1 4 0 18 0 0 21 62 0 0 0 0 0 0 1 3 0 14 0 0 21 54
0 0 0 0 0 0 0 0 0 0 0 0 0 0 0 0 0 0 0 0 0 0 0 0 0 0 0 0
0 0 0 0 0 0 0 1 0 7 0 0 0 16 0 0 0 0 0 0 0 0 0 0 0 0 0 0
0 0 0 0 0 0 1 2 0 9 0 0 21 40 0 0 0 0 0 0 0 0 0 0 0 0 0 0
0 0 0 0 0 0 1 2 0 9 0 0 21 40 0 0 0 0 0 0 0 0 0 0 0 0 0 0
0 0 0 0 0 0 0 1 0 8 0 0 0 20 0 0 0 0 0 0 0 0 0 0 0 0 0 0
0 0 0 0 0 0 0 0 0 0 0 0 0 0 0 0 0 0 0 0 0 0 0 0 0 0 0 0
0 0 0 0 0 0 0 0 0 0 0 0 0 0 0 0 0 0 0 0 0 0 0 0 0 0 0 0
0 0 0 0 0 0 0 0 0 0 0 0 0 0 0 0 0 0 0 0 0 0 0 0 0 0 0 0
0 0 0 0 0 1 1 4 0 12 0 4 40 40 0 0 0 0 0 0 0 0 0 0 0 0 0 0
0 0 0 0 1 1 1 24 0 58 0 160 160 177 0 0 0 0 0 0 0 0 0 0 0 0 0 0
0 0 0 0 0 0 1 2 0 9 0 0 21 40 0 0 0 0 0 0 0 0 0 0 0 0 0 0
0 0 0 0 1 1 2 66 0 253 0 79 308 852 0 0 0 0 0 0 0 0 0 0 0 0 0 0
0 0 0 0 1 1 1 50 0 170 0 45 418 684 0 0 0 0 0 0 1 3 0 14 0 0 21 54
0 0 0 0 0 1 1 68 0 205 0 68 684 684 0 0 0 0 0 0 0 0 0 0 0 0 0 0
0 0 0 0 0 0 0 22 0 122 0 0 0 287 0 0 0 0 0 0 0 0 0 0 0 0 0 0
0 0 0 0 0 1 1 25 0 122 0 4 40 310 0 0 0 0 0 0 0 0 0 0 0 0 0 0
0 0 0 0 0 0 1 2 0 9 0 0 21 40 0 0 0 0 0 0 0 0 0 0 0 0 0 0
0 0 0 0 0 0 0 1 0 7 0 0 0 16 0 0 0 0 0 0 0 0 0 0 0 0 0 0
0 0 0 0 0 0 0 1 0 8 0 0 0 20 0 0 0 0 0 0 0 0 0 0 0 0 0 0
0 0 0 0 1 1 2 42 0 156 0 73 208 530 0 0 0 0 0 0 0 0 0 0 0 0 0 0
0 0 0 0 0 0 0 0 0 0 0 0 0 0 0 0 0 0 0 0 0 0 0 0 0 0 0 0
0 0 0 0 0 0 0 0 0 0 0 0 0 0 0 0 0 0 0 0 0 0 0 0 0 0 0 0
0 0 0 0 1 2 3 68 0 230 30 75 291 696 0 0 1 0 1 2 3 137 0 692 0 80 89 1676
0 0 0 0 0 0 1 5 0 20 0 0 21 69 0 0 0 0 0 0 1 17 0 78 0 0 43 226
0 0 1 0 1 3 4 77 0 321 0 48 242 942 0 0 1 0 1 3 6 184 0 869 0 41 351 2375
0 0 0 0 0 0 0 0 0 0 0 0 0 0 0 0 0 0 0 0 0 0 0 0 0 0 0 0
0 0 0 0 0 0 1 4 0 18 0 0 21 62 0 0 0 0 0 0 1 3 0 14 0 0 21 54
0 0 0 0 0 0 0 0 0 0 0 0 0 0 0 0 0 0 0 0 0 0 0 0 0 0 0 0
0 0 0 0 0 0 1 2 0 9 0 0 21 40 0 0 0 0 0 0 0 0 0 0 0 0 0 0
0 0 0 0 1 1 1 22 0 54 0 160 160 161 0 0 0 0 0 0 0 0 0 0 0 0 0 0
0 0 0 0 0 0 0 1 0 7 0 0 0 16 0 0 0 0 0 0 0 0 0 0 0 0 0 0
0 0 0 0 0 0 1 2 0 11 0 0 21 43 0 0 0 0 0 0 0 0 0 0 0 0 0 0
0 0 1 0 0 0 3 90 0 489 0 0 0 1144 0 0 0 0 0 0 0 0 0 0 0 0 0 0
0 0 1 0 0 1 3 90 0 358 0 0 506 1292 0 0 0 0 0 0 0 0 0 0 0 0 0 0
0 0 0 0 0 0 0 0 0 0 0 0 0 0 0 0 0 0 0 0 0 0 0 0 0 0 0 0
0 0 0 0 0 0 0 0 0 0 0 0 0 0 0 0 0 0 0 0 0 0 0 0 0 0 0 0
0 0 0 0 1 1 1 5 0 13 0 40 40 40 0 0 0 0 0 0 0 0 0 0 0 0 0 0
0 0 0 0 0 0 1 2 0 9 0 0 21 40 0 0 0 0 0 0 0 0 0 0 0 0 0 0
0 0 0 0 0 0 0 1 0 7 0 0 0 16 0 0 0 0 0 0 0 0 0 0 0 0 0 0
0 0 0 0 2 2 2 52 0 139 0 257 330 481 0 0 1 0 2 3 3 188 0 724 0 94 904 2452
0 0 0 0 0 0 1 4 0 18 0 0 21 62 0 0 0 0 0 0 1 3 0 14 0 0 21 54
0 0 0 0 0 0 0 0 0 0 0 0 0 0 0 0 0 0 0 0 0 0 0 0 0 0 0 0
0 0 0 0 1 1 1 5 0 13 0 40 40 40 0 0 0 0 0 0 0 0 0 0 0 0 0 0
0 0 0 0 0 0 0 1 0 7 0 0 0 16 0 0 0 0 0 0 0 0 0 0 0 0 0 0
0 0 0 0 0 0 0 1 0 8 0 0 0 20 0 0 0 0 0 0 0 0 0 0 0 0 0 0
0 0 0 0 0 0 0 0 0 0 0 0 0 0 0 0 0 0 0 0 0 0 0 0 0 0 0 0
0 0 0 0 0 0 0 0 0 0 0 0 0 0 0 0 0 0 0 0 0 0 0 0 0 0 0 0
0 0 0 0 0 0 0 0 0 0 0 0 0 0 0 0 0 0 0 0 0 0 0 0 0 0 0 0
0 0 0 0 0 0 1 2 0 9 0 0 21 40 0 0 0 0 0 0 0 0 0 0 0 0 0 0
0 0 0 0 1 1 1 22 0 54 0 160 160 161 0 0 0 0 0 0 0 0 0 0 0 0 0 0
0 0 0 0 1 1 1 11 0 42 0 40 40 119 0 0 0 0 0 0 0 0 0 0 0 0 0 0
0 0 0 0 0 1 1 20 0 89 0 4 61 254 0 0 0 0 0 0 0 0 0 0 0 0 0 0
0 0 0 0 0 0 2 47 0 241 0 0 43 610 0 0 0 0 0 0 0 0 0 0 0 0 0 0
0 0 0 0 0 0 0 0 0 0 0 0 0 0 0 0 0 0 0 0 0 0 0 0 0 0 0 0
0 0 0 0 0 0 1 4 0 18 0 0 21 62 0 0 0 0 0 0 1 3 0 14 0 0 21 54
0 0 0 0 0 1 1 4 0 12 0 4 40 40 0 0 0 0 0 0 0 0 0 0 0 0 0 0
0 0 0 0 0 0 0 0 0 0 0 0 0 0 0 0 0 0 0 0 0 0 0 0 0 0 0 0
0 0 0 0 0 1 1 4 0 12 0 4 40 40 0 0 0 0 0 0 0 0 0 0 0 0 0 0
0 0 0 0 0 0 0 0 0 0 0 0 0 0 0 0 0 0 0 0 0 0 0 0 0 0 0 0
0 0 0 0 1 1 2 42 0 156 0 73 208 530 0 0 0 0 0 0 0 0 0 0 0 0 0 0
0 0 0 0 0 0 0 0 0 0 0 0 0 0 0 0 0 0 0 0 0 0 0 0 0 0 0 0
0 0 0 0 0 0 0 0 0 0 0 0 0 0 0 0 0 0 0 0 0 0 0 0 0 0 0 0
0 0 0 0 0 0 1 2 0 9 0 0 21 40 0 0 0 0 0 0 0 0 0 0 0 0 0 0
0 0 0 0 0 1 1 4 0 12 0 4 40 40 0 0 0 0 0 0 0 0 0 0 0 0 0 0
0 0 0 0 0 1 1 5 0 16 0 4 40 55 0 0 0 0 0 0 0 0 0 0 0 0 0 0
0 0 0 0 0 0 1 5 0 19 0 0 42 78 0 0 0 0 0 0 0 0 0 0 0 0 0 0
0 0 0 0 0 0 1 19 0 79 0 0 90 271 0 0 0 0 0 0 0 0 0 0 0 0 0 0
0 0 0 0 0 0 1 9 0 46 0 0 21 131 0 0 0 0 0 0 1 3 0 14 0 0 21 54
0 0 0 0 0 0 1 2 0 9 0 0 21 40 0 0 0 0 0 0 0 0 0 0 0 0 0 0
0 0 0 0 0 0 1 2 0 9 0 0 21 40 0 0 0 0 0 0 0 0 0 0 0 0 0 0
0 0 0 0 1 1 1 22 0 54 0 160 160 161 0 0 0 0 0 0 0 0 0 0 0 0 0 0
0 0 0 0 0 0 0 1 0 7 0 0 0 16 0 0 0 0 0 0 0 0 0 0 0 0 0 0
0 0 0 0 0 0 0 0 0 0 0 0 0 0 0 0 0 0 0 0 0 0 0 0 0 0 0 0
0 0 0 0 0 0 0 0 0 0 0 0 0 0 0 0 0 0 0 0 0 0 0 0 0 0 0 0
0 0 0 0 0 0 0 0 0 0 0 0 0 0 0 0 0 0 0 0 0 0 0 0 0 0 0 0
0 0 0 0 0 0 0 1 0 7 0 0 0 16 0 0 0 0 0 0 0 0 0 0 0 0 0 0
0 0 0 0 0 0 1 2 0 9 0 0 21 40 0 0 0 0 0 0 0 0 0 0 0 0 0 0
0 0 0 0 0 0 0 0 0 0 0 0 0 0 0 0 0 0 0 0 0 0 0 0 0 0 0 0
0 0 0 0 0 0 0 0 0 0 0 0 0 0 0 0 0 0 0 0 0 0 0 0 0 0 0 0
0 0 0 0 0 0 0 0 0 0 0 0 0 0 0 0 0 0 0 0 0 0 0 0 0 0 0 0
0 0 0 0 0 0 0 0 0 0 0 0 0 0 0 0 0 0 0 0 0 0 0 0 0 0 0 0
0 0 0 0 0 1 1 5 0 19 0 4 40 62 0 0 0 0 0 0 1 3 0 14 0 0 21 54
0 0 0 0 0 0 0 0 0 0 0 0 0 0 0 0 0 0 0 0 0 0 0 0 0 0 0 0
0 0 0 0 0 0 0 1 0 7 0 0 0 16 0 0 0 0 0 0 0 0 0 0 0 0 0 0
0 0 0 0 0 0 0 1 0 7 0 0 0 16 0 0 0 0 0 0 0 0 0 0 0 0 0 0
0 0 0 0 0 0 0 0 0 0 0 0 0 0 0 0 0 0 0 0 0 0 0 0 0 0 0 0
0 0 0 0 0 0 1 4 0 17 0 0 39 71 0 0 0 0 0 0 0 0 0 0 0 0 0 0
0 0 0 0 0 0 0 0 0 0 0 0 0 0 0 0 0 0 0 0 0 0 0 0 0 0 0 0
0 0 0 0 0 0 1 2 0 9 0 0 21 40 0 0 0 0 0 0 0 0 0 0 0 0 0 0
0 0 0 0 0 0 0 1 0 7 0 0 0 16 0 0 0 0 0 0 0 0 0 0 0 0 0 0
0 0 0 0 1 1 1 21 0 54 0 160 160 161 0 0 0 0 0 0 0 0 0 0 0 0 0 0
0 0 0 0 0 0 0 0 0 0 0 0 0 0 0 0 0 0 0 0 0 0 0 0 0 0 0 0
0 0 0 0 0 0 0 0 0 0 0 0 0 0 0 0 0 0 0 0 0 0 0 0 0 0 0 0
0 0 0 0 0 0 0 0 0 0 0 0 0 0 0 0 0 0 0 0 0 0 0 0 0 0 0 0
0 0 0 0 0 0 0 0 0 0 0 0 0 0 0 0 0 0 0 0 0 0 0 0 0 0 0 0
0 0 0 0 0 0 1 4 0 18 0 0 21 62 0 0 0 0 0 0 1 3 0 14 0 0 21 54
0 0 0 0 0 0 0 1 0 8 0 0 0 20 0 0 0 0 0 0 0 0 0 0 0 0 0 0
0 0 0 0 0 0 0 0 0 0 0 0 0 0 0 0 0 0 0 0 0 0 0 0 0 0 0 0
0 0 0 0 0 0 0 1 0 7 0 0 0 16 0 0 0 0 0 0 0 0 0 0 0 0 0 0
0 0 0 0 0 1 2 25 0 86 0 7 208 339 0 0 0 0 0 0 1 12 0 66 0 0 0 154
0 0 0 0 0 0 1 29 0 147 0 0 40 387 0 0 0 0 0 0 0 0 0 0 0 0 0 0
0 0 0 0 0 0 0 1 0 7 0 0 0 16 0 0 0 0 0 0 0 0 0 0 0 0 0 0
0 0 0 0 0 0 0 1 0 7 0 0 0 16 0 0 0 0 0 0 0 0 0 0 0 0 0 0
0 0 0 0 0 0 0 1 0 7 0 0 0 16 0 0 0 0 0 0 0 0 0 0 0 0 0 0
0 0 0 0 0 0 0 0 0 0 0 0 0 0 0 0 0 0 0 0 0 0 0 0 0 0 0 0
0 0 0 0 0 0 0 0 0 0 0 0 0 0 0 0 0 0 0 0 0 0 0 0 0 0 0 0
0 0 0 0 0 0 0 0 0 0 0 0 0 0 0 0 0 0 0 0 0 0 0 0 0 0 0 0
0 0 0 0 0 0 0 0 0 0 0 0 0 0 0 0 0 0 0 0 0 0 0 0 0 0 0 0
0 0 0 0 0 0 1 2 0 9 0 0 21 40 0 0 0 0 0 0 0 0 0 0 0 0 0 0
0 0 0 0 0 0 1 4 0 18 0 0 21 62 0 0 0 0 0 0 1 3 0 14 0 0 21 54
0 0 0 0 1 1 1 17 0 48 0 52 160 160 0 0 0 0 0 0 0 0 0 0 0 0 0 0
0 0 0 0 0 0 0 5 0 28 0 0 0 67 0 0 0 0 0 0 0 0 0 0 0 0 0 0
0 0 0 0 0 0 1 38 0 143 0 0 316 576 0 0 0 0 0 0 0 0 0 0 0 0 0 0
0 0 1 0 0 0 3 33 0 126 0 0 235 490 0 0 0 0 0 0 0 0 0 0 0 0 0 0
0 0 1 0 1 2 4 54 0 110 30 202 290 380 0 0 0 0 0 0 2 15 0 82 0 0 0 193
0 0 0 1 2 2 3 94 0 146 126 318 430 511 0 0 0 0 0 0 0 0 0 0 0 0 0 0
0 0 1 1 2 3 4 118 0 197 185 297 626 709 0 0 0 0 0 0 0 0 0 0 0 0 0 0
0 0 0 0 1 2 2 48 0 136 0 117 218 455 0 0 0 0 0 0 0 0 0 0 0 0 0 0
0 0 0 0 1 1 1 40 0 130 0 81 153 386 0 0 0 0 0 1 1 13 0 47 0 8 81 150
0 0 0 0 0 1 1 9 0 32 0 7 73 106 0 0 0 0 0 0 0 0 0 0 0 0 0 0
0 0 0 0 1 1 1 37 0 130 0 81 153 386 0 0 0 0 0 0 0 2 0 15 0 0 0 35
0 0 0 0 1 1 1 17 0 48 0 73 116 178 0 0 0 0 0 0 0 0 0 0 0 0 0 0
0 0 0 0 1 1 1 19 0 42 0 75 126 153 0 0 0 0 0 0 1 3 0 14 0 0 21 54
0 0 0 0 1 1 1 12 0 32 0 43 73 106 0 0 0 0 0 0 0 0 0 0 0 0 0 0
0 0 0 0 1 1 1 15 0 40 0 50 116 153 0 0 0 0 0 0 0 0 0 0 0 0 0 0
0 0 0 0 0 1 1 9 0 32 0 7 73 106 0 0 0 0 0 0 0 0 0 0 0 0 0 0
0 0 0 0 1 1 1 36 0 131 0 81 153 386 0 0 0 0 0 0 0 0 0 0 0 0 0 0
0 0 0 0 0 1 1 9 0 32 0 7 73 106 0 0 0 0 0 0 0 0 0 0 0 0 0 0
0 0 0 0 1 1 1 17 0 40 0 43 116 153 0 0 0 0 0 0 0 0 0 0 0 0 0 0
0 0 0 0 1 1 1 11 0 32 0 43 73 106 0 0 0 0 0 0 0 0 0 0 0 0 0 0
0 0 0 0 1 1 1 15 0 40 0 43 116 153 0 0 0 0 0 0 0 0 0 0 0 0 0 0
0 0 0 0 1 1 1 31 0 59 0 160 160 161 0 0 0 0 0 0 0 0 0 0 0 0 0 0
0 0 0 0 0 1 1 12 0 39 0 7 116 153 0 0 0 0 0 0 0 0 0 0 0 0 0 0
0 0 0 0 0 0 0 0 0 0 0 0 0 0 0 0 0 0 0 0 0 0 0 0 0 0 0 0
0 0 0 0 0 0 0 0 0 0 0 0 0 0 0 0 0 0 0 0 0 0 0 0 0 0 0 0
0 0 0 0 0 0 1 2 0 9 0 0 21 40 0 0 0 0 0 0 0 0 0 0 0 0 0 0
0 0 0 0 1 1 1 9 0 23 0 40 61 85 0 0 0 0 1 1 1 15 0 52 0 43 81 166
0 0 0 0 0 1 1 25 0 123 0 4 40 311 0 0 0 0 0 0 0 0 0 0 0 0 0 0
0 0 0 0 0 0 0 1 0 7 0 0 0 16 0 0 0 0 0 0 0 0 0 0 0 0 0 0
0 0 0 0 0 0 0 0 0 0 0 0 0 0 0 0 0 0 0 0 0 0 0 0 0 0 0 0
0 0 0 0 1 1 2 42 0 156 0 73 208 530 0 0 0 0 0 0 0 0 0 0 0 0 0 0
0 0 0 0 0 0 0 0 0 0 0 0 0 0 0 0 0 0 0 0 0 0 0 0 0 0 0 0
0 0 0 0 0 0 0 1 0 7 0 0 0 16 0 0 0 0 0 0 0 0 0 0 0 0 0 0
0 0 0 0 0 1 1 4 0 12 0 4 40 40 0 0 0 0 0 0 0 0 0 0 0 0 0 0
0 0 0 0 0 1 1 4 0 12 0 4 40 40 0 0 0 0 0 0 0 0 0 0 0 0 0 0
0 0 0 0 0 0 0 0 0 0 0 0 0 0 0 0 0 0 0 0 0 0 0 0 0 0 0 0
0 0 0 0 0 0 0 0 0 0 0 0 0 0 0 0 0 0 0 0 0 0 0 0 0 0 0 0
0 0 0 0 0 0 0 0 0 0 0 0 0 0 0 0 0 0 0 0 0 0 0 0 0 0 0 0
0 0 0 0 0 0 0 0 0 0 0 0 0 0 0 0 0 0 0 0 0 0 0 0 0 0 0 0
0 0 0 0 1 1 1 6 0 14 0 40 40 40 0 0 0 0 0 0 0 0 0 0 0 0 0 0
0 0 0 0 0 1 1 5 0 19 0 4 40 62 0 0 0 0 0 0 1 3 0 14 0 0 21 54
0 0 0 0 1 1 1 22 0 54 0 160 160 161 0 0 0 0 0 0 0 0 0 0 0 0 0 0
0 0 0 0 0 0 0 0 0 0 0 0 0 0 0 0 0 0 0 0 0 0 0 0 0 0 0 0
0 0 0 0 0 0 0 0 0 0 0 0 0 0 0 0 0 0 0 0 0 0 0 0 0 0 0 0
0 0 0 0 0 0 0 1 0 7 0 0 0 16 0 0 0 0 0 0 0 6 0 36 0 0 0 84
0 0 0 0 1 1 1 17 0 49 0 40 126 198 0 0 0 0 0 0 0 0 0 0 0 0 0 0
0 0 0 0 1 1 1 17 0 49 0 40 126 198 0 0 0 0 0 0 0 0 0 0 0 0 0 0
0 0 0 0 0 0 0 1 0 7 0 0 0 16 0 0 0 0 0 0 0 0 0 0 0 0 0 0
1 0 3 0 6 9 10 346 0 888 0 1140 2015 3031 2 0 7 0 11 13 25 2781 0 10450 0 4999 10352 32390
0 0 0 0 0 0 0 0 0 0 0 0 0 0 0 0 0 0 0 0 0 0 0 0 0 0 0 0
0 0 0 0 0 0 0 1 0 7 0 0 0 16 0 0 0 0 0 0 0 8 0 47 0 0 0 111
0 0 1 1 3 3 5 207 0 679 40 389 1021 2273 0 0 1 0 2 5 5 496 0 1642 0 510 3935 6611
0 0 0 0 1 1 1 5 0 14 0 40 40 43 0 0 0 0 0 0 0 0 0 0 0 0 0 0
0 0 1 1 2 4 6 511 0 1818 40 243 3929 7237 0 0 1 0 2 3 4 183 0 779 0 206 298 2017
0 0 0 0 0 1 1 5 0 19 0 4 40 62 0 0 0 0 0 0 1 3 0 14 0 0 21 54
0 0 0 0 0 0 0 0 0 0 0 0 0 0 0 0 0 0 0 0 0 0 0 0 0 0 0 0
0 0 0 0 0 0 0 0 0 0 0 0 0 0 0 0 0 0 0 0 0 0 0 0 0 0 0 0
0 0 0 0 0 0 0 0 0 0 0 0 0 0 0 0 0 0 0 0 0 0 0 0 0 0 0 0
0 0 0 0 0 0 0 0 0 0 0 0 0 0 0 0 0 0 0 0 0 0 0 0 0 0 0 0
0 0 0 0 0 1 1 4 0 12 0 4 40 40 0 0 0 0 0 0 0 0 0 0 0 0 0 0
0 0 0 0 0 1 1 4 0 12 0 4 40 40 0 0 0 0 0 0 0 0 0 0 0 0 0 0
0 0 0 0 1 2 3 34 0 104 0 160 177 330 0 0 0 0 0 1 3 23 0 98 0 0 105 330
0 0 0 0 1 1 1 18 0 48 0 81 157 161 0 0 0 0 0 0 0 0 0 0 0 0 0 0
0 0 0 0 0 0 0 2 0 14 0 0 0 34 0 0 0 0 0 0 0 3 0 18 0 0 0 43
0 0 0 0 0 0 0 0 0 0 0 0 0 0 0 0 0 0 0 0 0 0 0 0 0 0 0 0
0 0 0 0 1 1 1 5 0 14 0 40 40 43 0 0 0 0 0 0 0 0 0 0 0 0 0 0
0 0 0 0 0 0 1 4 0 15 0 0 21 56 0 0 0 0 0 0 2 13 0 59 0 0 42 180
0 0 0 0 0 1 1 5 0 19 0 4 40 62 0 0 0 0 0 0 1 3 0 14 0 0 21 54
0 0 0 0 0 0 1 2 0 9 0 0 21 40 0 0 0 0 0 0 0 2 0 14 0 0 0 34
0 0 0 0 0 0 0 0 0 0 0 0 0 0 0 0 0 0 0 0 0 0 0 0 0 0 0 0
0 0 0 0 1 1 2 42 0 156 0 73 208 530 0 0 0 0 0 0 0 0 0 0 0 0 0 0
0 0 0 0 0 0 0 1 0 7 0 0 0 16 0 0 0 0 0 0 0 0 0 0 0 0 0 0
0 0 0 0 0 0 1 2 0 9 0 0 21 40 0 0 0 0 0 0 0 0 0 0 0 0 0 0
0 0 0 0 0 0 1 2 0 9 0 0 21 40 0 0 0 0 0 0 0 0 0 0 0 0 0 0
