0 0 0 0 0 0 1 6 0 29 0 0 3 98 0 0 0 0 0 0 0 12 0 98 0 0 0 0
0 0 0 0 0 1 1 12 0 43 0 0 160 160 0 0 0 0 0 0 0 0 0 0 0 0 0 0
224 0 359 652 738 859 1065 325517 0 521333 947793 1072447 1248719 1547802 125 0 205 318 425 451 676 7249 0 11609 19867 23562 25628 37293
241 0 391 744 924 944 965 350414 0 568115 1081014 1341648 1371486 1402138 138 0 221 411 517 525 542 7515 0 12019 22152 27924 28384 29320
0 0 0 0 0 0 0 3 0 25 0 0 0 0 0 0 0 0 0 0 0 0 0 0 0 0 0 0
0 0 0 0 1 1 1 8 0 30 0 40 49 88 0 0 0 0 0 0 1 3 0 14 0 0 1 67
0 0 0 0 0 1 1 29 0 192 0 0 40 171 0 0 0 0 0 0 0 81 0 623 0 0 0 0
58 0 106 87 244 325 341 3345 0 5867 6781 14681 17735 17902 460 0 796 521 1864 1883 1889 668303 0 1156292 754525 2707108 2729034 2742828
0 0 0 0 1 1 3 52 0 260 0 40 78 830 0 0 0 0 0 0 0 0 0 0 0 0 0 0
0 0 0 0 0 1 3 32 0 138 0 4 158 594 0 0 0 0 0 1 3 114 0 655 0 0 66 1543
0 0 0 0 0 0 0 0 0 0 0 0 0 0 0 0 0 0 0 0 0 0 0 0 0 0 0 0
0 0 0 0 0 0 0 2 0 15 0 0 0 62 0 0 0 0 0 0 1 3 0 14 0 0 1 67
0 0 0 0 1 1 1 23 0 64 0 81 161 192 0 0 0 0 0 0 0 0 0 0 0 0 0 0
0 0 0 0 1 1 2 34 0 137 0 41 108 594 0 0 0 0 0 1 2 111 0 647 0 0 54 1487
0 0 0 0 0 0 0 3 0 25 0 0 0 0 0 0 0 0 0 0 0 0 0 0 0 0 0 0
0 0 0 0 0 1 1 6 0 27 0 4 40 40 0 0 0 0 0 0 0 4 0 31 0 0 0 0
0 0 1 0 0 1 3 60 0 292 0 4 198 1009 0 0 1 0 0 0 1 91 0 686 0 0 2 71
0 0 1 0 1 1 2 45 0 198 0 160 198 200 0 0 1 0 0 0 3 116 0 666 0 0 9 1600
0 0 0 0 1 1 1 8 0 30 0 40 49 87 0 0 0 0 0 0 0 1 0 10 0 0 0 32
0 0 1 0 0 1 1 33 0 219 0 0 40 171 0 0 0 0 0 0 1 82 0 617 0 0 0 85
163 0 349 0 884 945 997 237780 0 506745 0 1284584 1372868 1447392 85 0 190 0 433 508 521 4998 0 10837 0 25122 28293 30943
0 0 0 0 0 0 0 4 0 26 0 0 0 32 0 0 0 0 0 0 0 0 0 0 0 0 0 0
0 0 0 0 1 1 1 21 0 52 0 84 161 192 0 0 0 0 0 0 0 1 0 9 0 0 0 0
0 0 0 0 0 1 2 33 0 157 0 0 78 594 0 0 0 0 0 0 1 82 0 616 0 0 0 91
471 382 479 929 967 1000 1055 683265 542973 696560 1349271 1404084 1452653 1532934 255 107 275 535 566 591 639 15252 7970 16004 29856 34220 36744 39521
0 0 1 0 1 4 5 437 0 2296 0 66 528 4953 0 0 0 0 2 2 3 96 0 557 0 124 200 302
0 0 0 0 0 1 2 32 0 194 0 0 45 192 0 0 0 0 0 0 3 111 0 654 0 0 2 1482
0 0 0 0 0 1 2 28 0 119 0 0 203 310 0 0 0 0 0 0 0 0 0 0 0 0 0 0
0 0 0 0 0 1 1 7 0 29 0 0 41 75 0 0 0 0 0 0 0 1 0 9 0 0 0 0
0 0 0 0 0 1 1 6 0 27 0 0 40 40 0 0 0 0 0 0 0 0 0 0 0 0 0 0
0 0 2 0 0 3 6 52 0 232 0 0 202 882 1 0 8 0 0 7 42 2708 0 12886 0 0 5386 61067
5 0 15 1 19 28 46 313 0 829 45 1263 1508 2654 78 0 210 0 263 534 847 113649 0 306256 0 382158 775048 1230163
0 0 0 0 1 1 2 25 0 62 0 160 200 200 0 0 0 0 0 0 0 1 0 10 0 0 0 32
0 0 0 0 0 1 1 5 0 27 0 0 40 66 0 0 0 0 0 0 0 0 0 0 0 0 0 0
0 0 0 0 0 1 3 32 0 138 0 4 158 594 0 0 0 0 0 1 3 115 0 651 0 0 82 1471
0 0 0 0 0 0 1 4 0 26 0 0 1 46 0 0 0 0 0 0 0 0 0 0 0 0 0 0
0 0 0 0 0 1 1 8 0 36 0 0 40 169 0 0 0 0 0 0 0 0 0 0 0 0 0 0
0 0 0 0 0 1 1 13 0 49 0 0 198 199 0 0 0 0 0 0 0 0 0 0 0 0 0 0
0 0 0 0 1 1 1 34 0 186 0 41 73 182 0 0 0 0 0 0 2 110 0 658 0 0 2 1427
0 0 0 0 0 1 1 7 0 29 0 4 40 81 0 0 0 0 0 0 0 1 0 10 0 0 0 32
0 0 1 0 0 0 1 64 0 474 0 0 3 73 0 0 1 0 0 0 2 83 0 548 0 0 3 578
0 0 0 0 0 1 1 5 0 26 0 0 40 40 0 0 0 0 0 0 0 3 0 16 0 0 0 69
55 0 232 1 2 175 1111 78634 0 332487 40 350 252422 1583818 34 0 143 0 2 141 644 2112 0 7986 0 1173 11022 35136
0 0 0 0 0 0 1 5 0 27 0 0 1 66 0 0 0 0 0 0 0 0 0 0 0 0 0 0
0 0 0 0 0 0 0 3 0 25 0 0 0 0 0 0 0 0 0 0 0 0 0 0 0 0 0 0
0 0 0 0 1 1 2 33 0 137 0 40 108 594 0 0 0 0 0 1 2 110 0 648 0 0 52 1385
0 0 0 0 0 1 1 8 0 30 0 4 41 88 0 0 0 0 0 0 1 3 0 14 0 0 1 67
0 0 0 0 0 0 1 11 0 53 0 0 9 200 0 0 0 0 0 0 0 0 0 0 0 0 0 0
0 0 0 0 1 1 1 22 0 108 0 40 73 177 0 0 0 0 0 0 0 0 0 0 0 0 0 0
0 0 0 0 1 1 3 33 0 138 0 40 158 594 0 0 0 0 0 2 3 118 0 652 0 0 122 1614
0 0 0 0 0 0 0 3 0 25 0 0 0 0 0 0 0 0 0 0 0 0 0 0 0 0 0 0
0 0 0 0 0 1 1 6 0 28 0 0 41 71 0 0 0 0 0 0 0 0 0 0 0 0 0 0
0 0 0 0 1 1 1 23 0 59 0 153 200 200 0 0 0 0 0 0 0 1 0 9 0 0 0 0
0 0 0 0 1 1 2 35 0 137 0 54 108 626 0 0 0 0 0 1 2 111 0 648 0 4 53 1377
0 0 0 0 0 0 0 3 0 25 0 0 0 0 0 0 0 0 0 0 0 0 0 0 0 0 0 0
0 0 0 0 0 1 1 6 0 27 0 0 40 40 0 0 0 0 0 0 0 0 0 0 0 0 0 0
0 0 0 0 0 1 3 32 0 138 0 4 158 594 0 0 0 0 0 0 3 112 0 657 0 0 2 1549
0 0 0 0 1 1 1 18 0 55 0 43 198 199 0 0 0 0 0 0 0 5 0 31 0 0 0 62
0 0 0 0 0 0 1 5 0 27 0 0 1 66 0 0 0 0 0 0 0 0 0 0 0 0 0 0
25 0 57 2 121 155 203 1509 0 3412 326 8400 9657 12718 288 0 604 2 1654 1872 1877 418805 0 876867 1244 2401608 2718216 2720650
25 0 65 0 140 162 223 1421 0 3538 0 8023 8553 12298 171 0 435 0 749 881 1748 249489 0 632366 0 1088128 1279433 2537186
0 0 0 0 0 0 0 0 0 0 0 0 0 0 0 0 0 0 0 0 0 0 0 0 0 0 0 0
0 0 0 0 1 1 3 41 0 141 0 156 200 594 0 0 0 0 0 0 3 111 0 647 0 0 5 1498
0 0 0 0 0 1 1 11 0 39 0 0 80 161 0 0 0 0 0 0 0 1 0 9 0 0 0 0
445 9 468 937 953 963 1032 646190 7728 680447 1361250 1384336 1398784 1499335 187 5 216 352 464 493 556 10194 3268 11499 19045 24656 26210 30266
18 0 118 0 1 3 150 26496 0 172281 0 104 690 216191 8 0 45 0 1 3 111 541 0 2511 0 58 1811 6908
0 0 0 0 0 1 1 7 0 29 0 4 40 81 0 0 0 0 0 0 0 1 0 10 0 0 0 32
0 0 0 0 0 1 2 31 0 138 0 0 200 594 0 0 0 0 0 0 0 81 0 615 0 0 0 49
13 0 57 0 1 43 238 841 0 3749 0 208 2238 17762 80 0 371 0 0 323 1591 116140 0 538763 0 0 467523 2310306
0 0 0 0 0 0 1 5 0 27 0 0 1 69 0 0 0 0 0 0 0 1 0 9 0 0 0 0
0 0 0 0 0 0 0 3 0 25 0 0 0 0 0 0 0 0 0 0 0 0 0 0 0 0 0 0
0 0 0 0 0 1 2 33 0 161 0 0 47 594 0 0 0 0 0 0 0 82 0 622 0 0 0 49
