0 0 1 0 0 1 1 88 0 600 0 0 160 161 0 0 1 0 0 0 0 102 0 780 0 0 0 42
0 0 0 0 0 0 0 1 0 7 0 0 0 32 0 0 0 0 0 0 0 0 0 0 0 0 0 0
0 0 0 0 0 0 0 0 0 5 0 0 0 0 0 0 0 0 0 0 0 0 0 0 0 0 0 0
0 0 0 0 0 1 1 21 0 112 0 0 73 274 0 0 0 0 0 0 0 0 0 0 0 0 0 0
0 0 0 0 0 1 1 4 0 15 0 0 40 40 0 0 0 0 0 0 0 1 0 10 0 0 0 32
0 0 0 0 0 0 0 1 0 7 0 0 0 32 0 0 0 0 0 0 0 0 0 5 0 0 0 0
0 0 0 0 0 0 0 0 0 0 0 0 0 0 0 0 0 0 0 0 0 0 0 0 0 0 0 0
0 0 0 0 0 0 1 2 0 8 0 0 1 40 0 0 0 0 0 0 0 0 0 0 0 0 0 0
0 0 0 0 0 0 0 0 0 0 0 0 0 0 0 0 0 0 0 0 0 0 0 0 0 0 0 0
0 0 0 0 0 0 0 0 0 0 0 0 0 0 0 0 0 0 0 0 0 0 0 0 0 0 0 0
0 0 0 0 0 1 1 11 0 40 0 0 160 160 0 0 0 0 0 0 0 0 0 0 0 0 0 0
0 0 0 0 0 1 1 3 0 14 0 0 40 40 0 0 0 0 0 0 0 1 0 10 0 0 0 32
0 0 0 0 0 0 0 0 0 0 0 0 0 0 0 0 0 0 0 0 0 0 0 0 0 0 0 0
0 0 0 0 0 0 0 0 0 0 0 0 0 0 0 0 0 0 0 0 0 0 0 0 0 0 0 0
0 0 0 0 0 0 0 0 0 5 0 0 0 0 0 0 0 0 0 0 0 0 0 0 0 0 0 0
0 0 0 0 0 0 0 1 0 7 0 0 0 32 0 0 0 0 0 0 0 0 0 0 0 0 0 0
0 0 0 0 0 0 0 0 0 0 0 0 0 0 0 0 0 0 0 0 0 0 0 0 0 0 0 0
0 0 0 0 0 0 0 1 0 7 0 0 0 32 0 0 0 0 0 0 0 0 0 0 0 0 0 0
0 0 0 0 0 0 1 2 0 13 0 0 1 40 0 0 0 0 0 0 0 1 0 10 0 0 0 32
0 0 0 0 0 0 0 0 0 0 0 0 0 0 0 0 0 0 0 0 0 0 0 0 0 0 0 0
0 0 0 0 0 1 1 12 0 42 0 0 160 160 0 0 0 0 0 0 0 1 0 11 0 0 0 0
0 0 3 0 0 1 7 31 0 169 0 0 40 511 0 0 3 0 0 0 7 29 0 169 0 0 0 504
0 0 0 0 0 0 0 0 0 0 0 0 0 0 0 0 0 0 0 0 0 0 0 0 0 0 0 0
0 0 0 0 0 1 1 21 0 112 0 0 73 274 0 0 0 0 0 0 0 0 0 0 0 0 0 0
0 0 4 0 0 0 1 32 0 238 0 0 1 46 0 0 4 0 0 0 0 31 0 238 0 0 0 0
0 0 0 0 0 0 0 2 0 12 0 0 0 32 0 0 0 0 0 0 0 1 0 10 0 0 0 32
0 0 0 0 0 0 0 0 0 0 0 0 0 0 0 0 0 0 0 0 0 0 0 0 0 0 0 0
0 0 0 0 0 0 1 3 0 13 0 0 1 65 0 0 0 0 0 0 0 0 0 0 0 0 0 0
0 0 0 0 0 0 0 1 0 7 0 0 0 32 0 0 0 0 0 0 0 0 0 0 0 0 0 0
0 0 0 0 0 0 0 0 0 0 0 0 0 0 0 0 0 0 0 0 0 0 0 0 0 0 0 0
0 0 0 0 0 1 1 8 0 35 0 0 45 160 0 0 0 0 0 0 0 0 0 0 0 0 0 0
0 0 0 0 0 1 1 6 0 25 0 0 41 91 0 0 0 0 0 0 0 1 0 10 0 0 0 32
0 0 0 0 0 0 0 0 0 0 0 0 0 0 0 0 0 0 0 0 0 0 0 0 0 0 0 0
0 0 0 0 0 0 0 0 0 5 0 0 0 0 0 0 0 0 0 0 0 0 0 0 0 0 0 0
0 0 0 0 0 0 0 0 0 5 0 0 0 0 0 0 0 0 0 0 0 0 0 0 0 0 0 0
0 0 2 0 3 6 6 164 0 570 0 408 908 1764 0 0 2 0 2 5 10 285 0 1405 10 82 606 4183
0 0 0 0 0 1 1 4 0 15 0 0 40 72 0 0 0 0 0 1 2 10 0 37 0 5 80 148
0 0 0 0 0 0 0 0 0 5 0 0 0 0 0 0 0 0 0 0 0 1 0 9 0 0 0 42
0 0 0 0 0 1 1 3 0 14 0 0 40 40 0 0 0 0 0 0 0 1 0 10 0 0 0 32
0 0 0 0 0 0 0 0 0 0 0 0 0 0 0 0 0 0 0 0 0 0 0 0 0 0 0 0
0 0 0 0 0 0 0 1 0 7 0 0 0 32 0 0 0 0 0 0 0 1 0 9 0 0 0 42
0 0 0 0 0 1 1 11 0 40 0 0 160 160 0 0 0 0 0 0 0 0 0 0 0 0 0 0
0 0 0 0 0 0 0 0 0 0 0 0 0 0 0 0 0 0 0 0 0 0 0 0 0 0 0 0
0 0 0 0 0 0 0 5 0 41 0 0 0 32 0 0 0 0 0 0 0 0 0 0 0 0 0 0
0 0 0 0 0 1 1 17 0 106 0 0 41 105 0 0 0 0 0 0 0 0 0 0 0 0 0 0
0 0 0 0 0 0 0 2 0 12 0 0 0 32 0 0 0 0 0 0 0 1 0 10 0 0 0 32
0 0 0 0 0 0 0 0 0 0 0 0 0 0 0 0 0 0 0 0 0 0 0 0 0 0 0 0
0 0 0 0 0 0 0 1 0 7 0 0 0 32 0 0 0 0 0 0 0 0 0 0 0 0 0 0
0 0 0 0 0 0 0 0 0 5 0 0 0 0 0 0 0 0 0 0 0 0 0 0 0 0 0 0
0 0 0 0 0 0 0 0 0 0 0 0 0 0 0 0 0 0 0 0 0 0 0 0 0 0 0 0
0 0 0 0 0 0 0 1 0 7 0 0 0 32 0 0 0 0 0 0 0 0 0 0 0 0 0 0
0 0 0 0 0 1 1 11 0 40 0 0 160 160 0 0 0 0 0 0 0 0 0 0 0 0 0 0
0 0 0 0 0 0 0 2 0 12 0 0 0 32 0 0 0 0 0 0 0 1 0 10 0 0 0 32
0 0 0 0 0 0 1 57 0 428 0 0 0 100 0 0 1 0 0 0 3 80 0 548 0 0 0 487
0 0 0 0 0 0 0 1 0 7 0 0 0 32 0 0 0 0 0 0 0 0 0 0 0 0 0 0
0 0 0 0 0 0 0 0 0 5 0 0 0 0 0 0 0 0 0 0 0 0 0 0 0 0 0 0
0 0 0 0 0 0 0 0 0 0 0 0 0 0 0 0 0 0 0 0 0 0 0 0 0 0 0 0
0 0 0 0 0 0 0 1 0 7 0 0 0 32 0 0 0 0 0 0 0 0 0 0 0 0 0 0
0 0 0 0 0 0 0 0 0 5 0 0 0 0 0 0 0 0 0 0 0 0 0 0 0 0 0 0
0 0 0 0 0 0 0 2 0 12 0 0 0 32 0 0 0 0 0 0 0 1 0 10 0 0 0 32
0 0 0 0 0 0 0 1 0 7 0 0 0 32 0 0 0 0 0 0 0 0 0 0 0 0 0 0
0 0 0 0 0 1 1 11 0 40 0 0 160 160 0 0 0 0 0 0 0 0 0 0 0 0 0 0
0 0 1 0 1 4 8 110 0 465 0 62 695 1114 1 0 5 0 1 6 10 1261 0 7399 0 71 1751 12468
0 0 0 0 0 1 2 74 0 463 0 4 56 523 0 0 0 0 0 1 4 129 0 849 0 0 68 608
0 0 0 0 1 1 1 23 0 112 0 40 73 274 0 0 0 0 0 0 0 0 0 0 0 0 0 0
0 0 0 0 0 0 0 0 0 0 0 0 0 0 0 0 0 0 0 0 0 0 0 0 0 0 0 0
0 0 0 0 0 0 0 2 0 12 0 0 0 32 0 0 0 0 0 0 0 1 0 10 0 0 0 32
0 0 0 0 0 0 0 0 0 0 0 0 0 0 0 0 0 0 0 0 0 0 0 0 0 0 0 0
0 0 0 0 0 0 1 2 0 8 0 0 1 40 0 0 0 0 0 0 0 0 0 0 0 0 0 0
0 0 0 0 0 0 0 0 0 0 0 0 0 0 0 0 0 0 0 0 0 0 0 0 0 0 0 0
0 0 0 0 0 0 0 1 0 7 0 0 0 32 0 0 0 0 0 0 0 0 0 6 0 0 0 0
0 0 0 0 0 1 1 11 0 40 0 0 160 160 0 0 0 0 0 0 0 0 0 0 0 0 0 0
0 0 0 0 0 0 0 0 0 5 0 0 0 0 0 0 0 0 0 0 0 0 0 0 0 0 0 0
0 0 0 0 0 0 0 2 0 12 0 0 0 32 0 0 0 0 0 0 0 1 0 10 0 0 0 32
0 0 0 0 0 0 0 1 0 7 0 0 0 32 0 0 0 0 0 0 0 0 0 0 0 0 0 0
0 0 0 0 0 0 0 0 0 0 0 0 0 0 0 0 0 0 0 0 0 0 0 0 0 0 0 0
0 0 0 0 0 0 0 0 0 5 0 0 0 0 0 0 0 0 0 0 0 1 0 10 0 0 0 0
0 0 0 0 0 1 1 3 0 14 0 0 40 65 0 0 0 0 0 0 0 0 0 6 0 0 0 0
0 0 0 0 0 0 0 0 0 6 0 0 0 0 0 0 0 0 0 0 0 0 0 0 0 0 0 0
0 0 0 0 0 0 0 0 0 0 0 0 0 0 0 0 0 0 0 0 0 0 0 0 0 0 0 0
0 0 0 0 0 1 1 4 0 20 0 0 40 84 0 0 0 0 0 1 1 4 0 17 0 0 40 67
0 0 0 0 1 1 1 12 0 40 0 40 160 160 0 0 0 0 0 0 0 0 0 0 0 0 0 0
0 0 0 0 0 0 0 1 0 10 0 0 0 0 0 0 0 0 0 0 0 2 0 18 0 0 0 0
0 0 0 0 0 0 0 0 0 0 0 0 0 0 0 0 0 0 0 0 0 0 0 0 0 0 0 0
0 0 0 0 1 1 1 23 0 112 0 40 73 274 0 0 0 0 0 0 0 0 0 0 0 0 0 0
0 0 0 0 0 0 0 0 0 0 0 0 0 0 0 0 0 0 0 0 0 0 0 0 0 0 0 0
0 0 0 0 0 0 0 2 0 12 0 0 0 32 0 0 0 0 0 0 0 1 0 10 0 0 0 32
0 0 0 0 0 0 0 0 0 5 0 0 0 0 0 0 0 0 0 0 0 0 0 0 0 0 0 0
0 0 3 0 0 1 10 34 0 176 0 0 40 612 0 0 3 0 0 0 10 32 0 176 0 0 2 612
0 0 0 0 0 0 0 0 0 0 0 0 0 0 0 0 0 0 0 0 0 0 0 0 0 0 0 0
0 0 0 0 0 0 1 2 0 8 0 0 1 40 0 0 0 0 0 0 0 1 0 10 0 0 0 0
0 0 0 0 0 0 1 6 0 29 0 0 1 138 0 0 0 0 0 0 0 0 0 0 0 0 0 0
0 0 0 0 0 0 0 5 0 28 0 0 0 132 0 0 0 0 0 0 0 0 0 0 0 0 0 0
0 0 0 0 0 0 0 2 0 12 0 0 0 32 0 0 0 0 0 0 0 1 0 10 0 0 0 32
0 0 0 0 0 0 0 1 0 7 0 0 0 32 0 0 0 0 0 0 0 0 0 0 0 0 0 0
0 0 0 0 0 0 0 0 0 0 0 0 0 0 0 0 0 0 0 0 0 0 0 0 0 0 0 0
0 0 0 0 0 0 0 0 0 0 0 0 0 0 0 0 0 0 0 0 0 0 0 0 0 0 0 0
0 0 1 0 2 4 5 194 0 785 10 245 647 2664 0 0 2 0 4 5 7 748 0 2684 0 523 4243 10256
0 0 0 0 0 2 3 25 0 114 0 0 89 333 0 0 0 0 0 1 2 78 0 523 0 0 118 320
0 0 0 0 0 0 0 0 0 0 0 0 0 0 0 0 0 0 0 0 0 0 0 0 0 0 0 0
0 0 0 0 0 1 1 3 0 14 0 0 40 40 0 0 0 0 0 0 0 1 0 10 0 0 0 32
0 0 0 0 0 0 0 0 0 5 0 0 0 0 0 0 0 0 0 0 0 0 0 0 0 0 0 0
0 0 0 0 0 1 1 10 0 40 0 0 160 160 0 0 0 0 0 0 0 0 0 0 0 0 0 0
0 0 0 0 0 1 3 29 0 137 0 0 52 533 0 0 0 0 0 0 4 117 0 828 0 0 2 424
0 0 0 0 1 1 1 23 0 112 0 40 73 274 0 0 0 0 0 0 0 1 0 11 0 0 0 0
0 0 0 0 0 0 0 0 0 5 0 0 0 0 0 0 0 0 0 0 0 0 0 0 0 0 0 0
0 0 0 0 0 0 0 0 0 0 0 0 0 0 0 0 0 0 0 0 0 0 0 0 0 0 0 0
0 0 0 0 0 1 1 4 0 15 0 0 40 46 0 0 0 0 0 0 1 3 0 14 0 0 1 67
0 0 0 0 0 0 0 0 0 0 0 0 0 0 0 0 0 0 0 0 0 0 0 0 0 0 0 0
0 0 0 0 0 0 0 0 0 0 0 0 0 0 0 0 0 0 0 0 0 0 0 0 0 0 0 0
0 0 0 0 0 0 0 0 0 0 0 0 0 0 0 0 0 0 0 0 0 0 0 0 0 0 0 0
0 0 0 0 0 1 1 22 0 143 0 0 40 75 0 0 0 0 0 0 0 15 0 116 0 0 0 0
0 0 0 0 0 1 1 10 0 40 0 0 160 160 0 0 0 0 0 0 0 0 0 0 0 0 0 0
0 0 1 0 0 1 2 207 0 1519 0 0 61 282 0 0 0 0 0 0 1 76 0 557 0 0 2 173
0 0 1 0 1 1 1 80 0 546 0 40 80 152 0 0 1 0 1 1 5 88 0 548 0 43 179 316
1 0 2 2 5 6 6 318 0 1074 193 561 871 2775 1 0 2 2 5 7 7 1123 0 3204 481 4401 6663 6663
0 0 1 0 0 1 4 21 0 92 0 4 82 357 0 0 1 0 0 1 2 123 0 854 0 0 93 450
0 0 0 0 0 0 0 1 0 7 0 0 0 32 0 0 0 0 0 0 0 0 0 0 0 0 0 0
0 0 0 0 0 0 0 0 0 5 0 0 0 0 0 0 0 0 0 0 0 0 0 0 0 0 0 0
0 0 0 0 0 0 2 45 0 248 0 0 0 921 0 0 0 0 0 0 0 0 0 0 0 0 0 0
0 0 0 0 0 0 0 0 0 0 0 0 0 0 0 0 0 0 0 0 0 0 0 0 0 0 0 0
0 0 0 0 0 1 1 4 0 15 0 0 40 40 0 0 0 0 0 0 0 1 0 10 0 0 0 32
0 0 0 0 0 1 1 11 0 40 0 0 160 160 0 0 0 0 0 0 0 1 0 10 0 0 0 0
0 0 0 0 0 0 0 0 0 0 0 0 0 0 0 0 0 0 0 0 0 0 0 0 0 0 0 0
0 0 1 0 0 1 2 67 0 363 0 4 85 732 0 0 0 0 0 0 0 0 0 0 0 0 0 0
0 0 0 0 0 0 0 1 0 7 0 0 0 32 0 0 0 0 0 0 0 0 0 0 0 0 0 0
0 0 0 0 0 0 0 0 0 0 0 0 0 0 0 0 0 0 0 0 0 0 0 0 0 0 0 0
0 0 0 0 0 0 1 2 0 11 0 0 1 40 0 0 0 0 0 0 0 0 0 0 0 0 0 0
0 0 0 0 0 1 1 4 0 16 0 0 40 65 0 0 0 0 0 0 0 1 0 10 0 0 0 32
0 0 0 0 0 0 0 0 0 0 0 0 0 0 0 0 0 0 0 0 0 0 0 0 0 0 0 0
0 0 0 0 0 0 0 0 0 0 0 0 0 0 0 0 0 0 0 0 0 0 0 0 0 0 0 0
0 0 0 0 0 0 1 2 0 8 0 0 1 40 0 0 0 0 0 0 0 0 0 0 0 0 0 0
0 0 0 0 0 1 1 10 0 40 0 0 160 160 0 0 0 0 0 0 0 0 0 0 0 0 0 0
0 0 0 0 0 1 2 5 0 18 0 0 41 80 0 0 0 0 0 1 1 2 0 9 0 0 40 40
0 0 0 0 1 1 1 5 0 15 0 40 40 40 0 0 0 0 0 1 1 6 0 27 0 0 42 83
0 0 0 0 0 1 1 4 0 17 0 0 40 72 0 0 0 0 0 1 1 3 0 15 0 0 40 67
0 0 0 0 0 0 0 0 0 0 0 0 0 0 0 0 0 0 0 0 0 0 0 0 0 0 0 0
0 0 0 0 0 0 0 1 0 7 0 0 0 32 0 0 0 0 0 0 0 0 0 0 0 0 0 0
0 0 0 0 0 0 0 0 0 5 0 0 0 0 0 0 0 0 0 0 0 0 0 0 0 0 0 0
0 0 0 0 0 0 0 0 0 0 0 0 0 0 0 0 0 0 0 0 0 0 0 0 0 0 0 0
0 0 0 0 0 0 0 0 0 5 0 0 0 0 0 0 0 0 0 0 0 0 0 0 0 0 0 0
0 0 0 0 0 1 1 3 0 14 0 0 40 40 0 0 0 0 0 0 0 1 0 10 0 0 0 32
0 0 0 0 0 1 1 10 0 40 0 0 160 160 0 0 0 0 0 0 0 0 0 0 0 0 0 0
0 0 0 0 0 0 0 1 0 7 0 0 0 32 0 0 0 0 0 0 0 0 0 0 0 0 0 0
0 0 0 0 0 1 1 22 0 112 0 0 73 274 0 0 0 0 0 0 0 0 0 0 0 0 0 0
0 0 0 0 0 0 0 0 0 0 0 0 0 0 0 0 0 0 0 0 0 0 0 0 0 0 0 0
0 0 0 0 0 0 0 0 0 0 0 0 0 0 0 0 0 0 0 0 0 0 0 0 0 0 0 0
0 0 0 0 0 0 0 0 0 0 0 0 0 0 0 0 0 0 0 0 0 0 0 0 0 0 0 0
0 0 0 0 0 1 1 4 0 15 0 0 40 40 0 0 0 0 0 0 0 1 0 10 0 0 0 32
0 0 0 0 0 0 0 0 0 5 0 0 0 0 0 0 0 0 0 0 0 1 0 9 0 0 0 0
0 0 0 0 0 0 0 4 0 26 0 0 0 32 0 0 0 0 0 0 0 0 0 0 0 0 0 0
0 0 0 0 0 0 1 4 0 26 0 0 1 40 0 0 0 0 0 0 0 0 0 0 0 0 0 0
0 0 1 0 0 0 1 15 0 81 0 0 7 192 0 0 1 0 0 0 0 9 0 75 0 0 0 0
0 0 0 0 0 1 1 11 0 42 0 0 160 161 0 0 0 0 0 0 0 0 0 0 0 0 0 0
0 0 0 0 0 1 1 8 0 36 0 0 40 171 0 0 0 0 0 0 0 0 0 0 0 0 0 0
0 0 0 0 0 1 1 6 0 28 0 0 40 84 0 0 0 0 0 0 0 1 0 10 0 0 0 32
0 0 1 0 0 1 4 90 0 436 0 4 206 1669 0 0 1 0 0 1 5 173 0 919 0 0 54 4101
0 0 0 0 0 1 1 5 0 26 0 0 40 40 0 0 0 0 0 0 0 3 0 16 0 0 0 64
0 0 0 0 0 1 1 5 0 26 0 0 40 40 0 0 0 0 0 0 0 1 0 8 0 0 0 0
0 0 0 0 0 0 0 6 0 35 0 0 0 164 0 0 0 0 0 0 0 0 0 0 0 0 0 0
0 0 0 0 0 0 0 3 0 25 0 0 0 0 0 0 0 0 0 0 0 0 0 0 0 0 0 0
0 0 0 0 0 1 1 6 0 27 0 0 40 40 0 0 0 0 0 0 0 0 0 5 0 0 0 0
0 0 0 0 0 0 1 5 0 28 0 0 1 84 0 0 0 0 0 0 0 1 0 10 0 0 0 32
0 0 0 0 1 1 3 101 0 456 0 160 186 1577 0 0 1 0 0 1 5 92 0 637 0 0 40 364
0 0 0 0 1 1 1 31 0 116 0 43 200 297 0 0 0 0 0 0 0 3 0 16 0 0 0 64
0 0 0 0 0 0 0 3 0 25 0 0 0 0 0 0 0 0 0 0 0 0 0 0 0 0 0 0
0 0 0 0 0 0 0 4 0 26 0 0 0 33 0 0 0 0 0 0 0 0 0 6 0 0 0 0
0 0 0 0 0 0 1 5 0 31 0 0 1 40 0 0 0 0 0 0 0 0 0 0 0 0 0 0
0 0 0 0 0 0 0 4 0 26 0 0 0 32 0 0 0 0 0 0 0 0 0 5 0 0 0 0
0 0 0 0 0 1 1 10 0 38 0 0 80 180 0 0 0 0 0 0 0 1 0 10 0 0 0 32
0 0 0 0 0 0 0 3 0 25 0 0 0 0 0 0 0 0 0 0 0 0 0 0 0 0 0 0
0 0 0 0 0 1 1 5 0 26 0 0 40 40 0 0 0 0 0 0 0 0 0 0 0 0 0 0
0 0 0 0 0 0 0 4 0 26 0 0 0 32 0 0 0 0 0 0 0 1 0 11 0 0 0 0
0 0 0 0 0 1 1 14 0 46 0 0 160 161 0 0 0 0 0 0 0 0 0 0 0 0 0 0
0 0 0 0 0 0 1 7 0 36 0 0 1 171 0 0 0 0 0 0 0 0 0 0 0 0 0 0
0 0 0 0 0 0 0 4 0 26 0 0 0 39 0 0 0 0 0 0 0 0 0 0 0 0 0 0
0 0 0 0 0 0 1 5 0 28 0 0 1 84 0 0 0 0 0 0 0 1 0 10 0 0 0 32
0 0 0 0 0 0 1 4 0 26 0 0 1 40 0 0 0 0 0 0 0 0 0 0 0 0 0 0
0 0 0 0 0 1 1 6 0 28 0 0 41 71 0 0 0 0 0 0 0 0 0 0 0 0 0 0
0 0 0 0 0 0 0 6 0 35 0 0 0 164 0 0 0 0 0 0 0 0 0 0 0 0 0 0
0 0 0 0 0 0 0 3 0 25 0 0 0 0 0 0 0 0 0 0 0 0 0 0 0 0 0 0
0 0 0 0 0 1 1 5 0 26 0 0 40 40 0 0 0 0 0 0 0 0 0 0 0 0 0 0
0 0 0 0 0 0 0 3 0 25 0 0 0 0 0 0 0 0 0 0 0 0 0 0 0 0 0 0
0 0 0 0 0 1 1 16 0 50 0 9 160 161 0 0 0 0 0 0 0 1 0 10 0 0 0 32
0 0 0 0 0 1 1 14 0 54 0 4 79 200 0 0 0 0 0 0 0 0 0 0 0 0 0 0
0 0 0 0 0 1 1 18 0 108 0 0 41 177 0 0 0 0 0 0 0 0 0 0 0 0 0 0
0 0 0 0 0 0 0 3 0 25 0 0 0 0 0 0 0 0 0 0 0 0 0 0 0 0 0 0
0 0 0 0 0 0 1 4 0 26 0 0 1 40 0 0 0 0 0 0 0 0 0 0 0 0 0 0
0 0 0 0 0 0 0 4 0 26 0 0 0 32 0 0 0 0 0 0 0 0 0 0 0 0 0 0
0 0 0 0 0 0 0 6 0 35 0 0 0 164 0 0 0 0 0 0 0 0 0 0 0 0 0 0
0 0 1 0 1 1 3 91 0 541 0 43 207 479 0 0 1 0 0 2 4 152 0 634 0 4 445 2823
0 0 0 0 0 0 0 4 0 26 0 0 0 32 0 0 0 0 0 0 0 0 0 0 0 0 0 0
0 0 3 0 0 0 0 18 0 117 0 0 0 164 0 0 2 0 0 0 8 15 0 82 0 0 0 295
0 0 0 0 0 1 1 14 0 46 0 4 160 161 0 0 0 0 0 0 0 0 0 0 0 0 0 0
0 0 0 0 0 0 1 8 0 39 0 0 1 171 0 0 0 0 0 0 0 0 0 0 0 0 0 0
0 0 0 0 0 0 0 3 0 25 0 0 0 0 0 0 0 0 0 0 0 0 0 0 0 0 0 0
0 0 0 0 0 1 1 6 0 28 0 0 40 84 0 0 0 0 0 0 1 3 0 15 0 0 1 67
0 0 0 0 0 0 0 4 0 31 0 0 0 32 0 0 0 0 0 0 0 0 0 0 0 0 0 0
0 0 0 0 0 0 0 4 0 26 0 0 0 32 0 0 0 0 0 0 0 0 0 0 0 0 0 0
0 0 0 0 0 0 0 6 0 35 0 0 0 164 0 0 0 0 0 0 0 0 0 0 0 0 0 0
0 0 0 0 0 0 0 3 0 25 0 0 0 0 0 0 0 0 0 0 0 0 0 0 0 0 0 0
0 0 0 0 0 1 1 5 0 26 0 0 40 40 0 0 0 0 0 0 0 0 0 0 0 0 0 0
0 0 0 0 0 0 0 3 0 25 0 0 0 0 0 0 0 0 0 0 0 0 0 0 0 0 0 0
0 0 0 0 1 1 1 16 0 47 0 45 160 161 0 0 0 0 0 0 0 1 0 10 0 0 0 32
0 0 0 0 0 0 0 7 0 40 0 0 0 164 0 0 0 0 0 0 0 0 0 0 0 0 0 0
0 0 0 0 0 1 1 25 0 114 0 4 79 297 0 0 0 0 0 0 0 0 0 0 0 0 0 0
0 0 0 0 0 0 0 3 0 25 0 0 0 0 0 0 0 0 0 0 0 0 0 0 0 0 0 0
0 0 0 0 0 0 0 4 0 26 0 0 0 32 0 0 0 0 0 0 0 0 0 0 0 0 0 0
0 0 0 0 0 0 1 4 0 26 0 0 1 40 0 0 0 0 0 0 0 0 0 0 0 0 0 0
0 0 0 0 0 0 0 6 0 35 0 0 0 164 0 0 0 0 0 0 0 0 0 0 0 0 0 0
0 0 0 0 0 0 1 5 0 28 0 0 1 84 0 0 0 0 0 0 0 1 0 10 0 0 0 32
0 0 0 0 0 0 1 4 0 26 0 0 1 46 0 0 0 0 0 0 0 0 0 0 0 0 0 0
0 0 2 0 2 6 8 156 0 477 0 367 1113 2040 1 0 5 0 0 8 14 1295 0 7703 0 4 1012 14142
0 0 1 0 1 2 3 107 0 483 0 155 325 1053 0 0 1 0 1 2 5 252 0 1180 0 52 659 5471
0 0 0 0 1 1 1 18 0 61 0 40 161 192 0 0 0 0 0 0 0 0 0 0 0 0 0 0
0 0 0 0 0 0 0 3 0 25 0 0 0 0 0 0 0 0 0 0 0 0 0 0 0 0 0 0
0 0 0 0 0 0 0 3 0 25 0 0 0 0 0 0 0 0 0 0 0 0 0 0 0 0 0 0
0 0 0 0 0 1 1 7 0 33 0 0 40 84 0 0 0 0 0 0 0 1 0 10 0 0 0 32
0 0 0 0 0 0 0 3 0 25 0 0 0 0 0 0 0 0 0 0 0 0 0 0 0 0 0 0
0 0 0 0 0 1 1 9 0 40 0 0 46 191 0 0 0 0 0 0 0 2 0 12 0 0 0 42
0 0 0 0 0 0 0 4 0 26 0 0 0 32 0 0 0 0 0 0 0 0 0 0 0 0 0 0
0 0 0 0 1 1 2 33 0 166 0 40 85 319 0 0 0 0 0 1 2 80 0 525 0 0 55 480
1 0 1 1 3 4 5 113 0 196 156 333 643 717 0 0 0 0 0 0 0 7 0 58 0 0 0 0
0 0 0 1 2 2 2 123 0 204 183 348 523 785 0 0 0 0 0 0 0 0 0 0 0 0 0 0
0 0 1 1 1 3 3 67 0 134 78 200 353 450 0 0 0 0 0 0 0 1 0 10 0 0 0 32
0 0 0 0 1 1 1 49 0 159 0 81 205 638 0 0 0 0 0 0 0 0 0 0 0 0 0 0
0 0 0 0 1 1 1 18 0 51 0 73 153 191 0 0 0 0 0 0 0 0 0 0 0 0 0 0
0 0 0 0 1 1 1 17 0 43 0 73 153 153 0 0 0 0 0 0 0 0 0 6 0 0 0 0
0 0 0 0 1 1 1 30 0 98 0 73 153 191 0 0 0 0 0 0 0 0 0 0 0 0 0 0
0 0 0 0 1 1 1 17 0 49 0 73 153 191 0 0 0 0 0 0 0 0 0 0 0 0 0 0
0 0 0 0 1 1 1 18 0 47 0 73 153 185 0 0 0 0 0 0 1 3 0 16 0 0 0 65
0 0 0 0 1 1 1 20 0 48 0 75 153 185 0 0 0 0 0 0 1 2 0 11 0 0 1 40
0 0 0 0 0 0 0 4 0 27 0 0 0 65 0 0 0 0 0 0 0 2 0 18 0 0 0 0
0 0 0 0 0 0 1 15 0 91 0 0 1 171 0 0 0 0 0 0 0 0 0 0 0 0 0 0
0 0 0 0 1 1 1 20 0 52 0 52 161 192 0 0 0 0 0 0 0 0 0 0 0 0 0 0
0 0 0 0 0 0 0 4 0 26 0 0 0 32 0 0 0 0 0 0 0 0 0 0 0 0 0 0
0 0 0 0 0 0 0 3 0 25 0 0 0 0 0 0 0 0 0 0 0 0 0 0 0 0 0 0
0 0 0 0 0 1 1 5 0 26 0 0 40 40 0 0 0 0 0 0 0 0 0 0 0 0 0 0
0 0 0 0 1 1 1 26 0 106 0 40 99 508 0 0 0 0 0 0 0 1 0 10 0 0 0 32
0 0 1 1 2 3 3 74 0 146 88 288 290 534 0 0 0 0 0 0 0 0 0 0 0 0 0 0
0 0 0 0 1 2 2 40 0 90 0 198 222 258 0 0 0 0 0 0 0 0 0 0 0 0 0 0
0 0 0 0 1 2 2 18 0 56 0 43 156 226 0 0 0 0 0 0 0 0 0 0 0 0 0 0
0 0 0 0 0 1 2 18 0 59 0 4 201 226 0 0 0 0 0 0 0 0 0 0 0 0 0 0
0 0 0 0 1 1 1 26 0 61 0 153 198 198 0 0 0 0 0 0 0 0 0 0 0 0 0 0
0 0 0 0 1 1 2 44 0 110 10 164 226 297 0 0 0 0 0 0 0 0 0 0 0 0 0 0
0 0 0 0 1 2 2 39 0 121 0 99 226 302 0 0 0 0 0 0 0 1 0 10 0 0 0 32
0 0 1 0 1 3 4 115 0 368 13 186 908 1681 0 0 1 0 1 4 5 179 0 884 0 41 334 4112
0 0 0 0 1 1 1 21 0 44 10 73 153 153 0 0 0 0 0 1 1 6 0 23 0 0 79 99
0 0 1 0 1 3 4 89 0 370 0 81 296 1185 0 0 0 0 0 2 3 88 0 566 0 0 194 363
0 0 0 0 0 0 1 7 0 36 0 0 3 176 0 0 0 0 0 0 0 0 0 0 0 0 0 0
0 0 1 0 1 3 4 104 0 377 0 160 623 1678 0 0 0 0 0 1 4 92 0 631 0 4 54 340
0 0 0 0 1 1 1 13 0 41 0 40 46 188 0 0 0 0 0 1 1 4 0 19 0 0 41 78
0 0 0 0 0 0 0 3 0 25 0 0 0 0 0 0 0 0 0 0 0 0 0 0 0 0 0 0
0 0 0 0 0 0 0 4 0 27 0 0 0 65 0 0 0 0 0 0 0 0 0 0 0 0 0 0
0 0 0 0 1 1 1 22 0 55 0 88 161 192 0 0 0 0 0 0 0 4 0 23 0 0 0 67
0 0 0 0 0 1 1 5 0 26 0 0 40 40 0 0 0 0 0 0 0 0 0 0 0 0 0 0
0 0 0 0 0 0 0 3 0 25 0 0 0 0 0 0 0 0 0 0 0 0 0 0 0 0 0 0
0 0 0 0 1 1 2 25 0 67 0 142 198 231 0 0 0 0 0 0 0 0 0 0 0 0 0 0
0 0 0 0 1 1 1 13 0 45 0 40 80 180 0 0 0 0 0 0 0 1 0 10 0 0 0 32
0 0 0 0 0 0 1 7 0 36 0 0 3 176 0 0 0 0 0 0 0 0 0 0 0 0 0 0
0 0 0 0 0 1 1 6 0 27 0 0 40 40 0 0 0 0 0 0 0 0 0 0 0 0 0 0
0 0 0 0 0 1 1 6 0 27 0 0 40 46 0 0 0 0 0 0 0 0 0 0 0 0 0 0
0 0 0 0 0 1 3 63 0 377 0 4 85 470 0 0 1 0 0 1 3 88 0 566 0 0 132 417
0 0 0 0 1 1 1 18 0 54 0 40 198 198 0 0 0 0 0 0 0 0 0 0 0 0 0 0
0 0 0 0 1 1 1 15 0 46 0 40 160 192 0 0 0 0 0 0 0 0 0 0 0 0 0 0
0 0 0 0 1 1 1 33 0 117 0 75 162 297 0 0 0 0 0 0 0 1 0 10 0 0 0 32
0 0 0 0 1 1 2 63 0 374 0 40 201 282 0 0 0 0 1 1 2 86 0 558 0 41 160 302
0 0 0 0 1 1 1 9 0 29 0 40 40 72 0 0 0 0 0 0 0 8 0 65 0 0 0 0
0 0 0 0 0 1 2 9 0 40 0 0 80 178 0 0 0 0 0 0 0 6 0 53 0 0 0 0
0 0 0 0 0 1 1 8 0 36 0 0 40 171 0 0 0 0 0 0 0 5 0 42 0 0 0 0
0 0 0 0 1 1 1 9 0 30 0 40 41 78 0 0 0 0 0 1 2 13 0 56 0 0 82 250
0 0 0 0 1 1 1 10 0 34 0 40 73 139 0 0 0 0 0 0 0 0 0 0 0 0 0 0
0 0 0 0 0 1 1 8 0 31 0 4 71 89 0 0 0 0 0 0 1 3 0 15 0 0 1 72
0 0 0 0 0 0 0 4 0 26 0 0 0 32 0 0 0 0 0 0 0 0 0 0 0 0 0 0
0 0 0 0 0 1 1 10 0 41 0 4 41 176 0 0 0 0 0 0 0 0 0 0 0 0 0 0
0 0 0 0 1 1 1 16 0 47 0 44 160 161 0 0 0 0 0 0 0 0 0 0 0 0 0 0
0 0 0 0 0 0 0 0 0 0 0 0 0 0 0 0 0 0 0 0 0 0 0 0 0 0 0 0
0 0 0 0 1 1 1 18 0 57 0 40 198 199 0 0 0 0 0 0 0 0 0 0 0 0 0 0
0 0 0 0 0 1 1 6 0 28 0 0 48 66 0 0 0 0 0 0 0 0 0 0 0 0 0 0
0 0 0 0 0 1 1 7 0 30 0 0 71 90 0 0 0 0 0 0 0 1 0 10 0 0 0 32
0 0 0 0 0 1 1 5 0 26 0 0 40 46 0 0 0 0 0 0 0 0 0 0 0 0 0 0
0 0 0 0 0 1 1 5 0 27 0 0 40 48 0 0 0 0 0 0 0 0 0 0 0 0 0 0
0 0 0 0 0 0 0 3 0 25 0 0 0 0 0 0 0 0 0 0 0 0 0 0 0 0 0 0
0 0 0 0 1 1 1 19 0 55 0 51 198 198 0 0 0 0 0 0 0 0 0 0 0 0 0 0
0 0 0 0 0 1 1 9 0 37 0 4 41 176 0 0 0 0 0 0 0 0 0 0 0 0 0 0
0 0 0 0 1 1 1 33 0 118 0 81 162 297 0 0 0 0 0 0 0 0 0 0 0 0 0 0
0 0 0 0 0 0 1 5 0 28 0 0 1 84 0 0 0 0 0 0 0 1 0 10 0 0 0 32
0 0 0 0 0 1 1 6 0 28 0 0 40 72 0 0 0 0 0 0 0 0 0 0 0 0 0 0
0 0 0 0 0 1 1 9 0 34 0 4 73 139 0 0 0 0 0 0 0 0 0 0 0 0 0 0
0 0 0 0 0 0 1 7 0 36 0 0 3 176 0 0 0 0 0 0 0 0 0 0 0 0 0 0
0 0 0 0 0 1 1 5 0 26 0 0 40 40 0 0 0 0 0 0 0 0 0 0 0 0 0 0
0 0 0 0 1 1 1 10 0 37 0 40 41 171 0 0 0 0 0 0 0 0 0 0 0 0 0 0
0 0 0 0 0 0 0 4 0 26 0 0 0 32 0 0 0 0 0 0 0 0 0 0 0 0 0 0
0 0 0 0 0 1 1 6 0 28 0 0 40 84 0 0 0 0 0 0 0 1 0 10 0 0 0 32
0 0 0 0 1 1 1 11 0 39 0 40 43 184 0 0 0 0 0 0 0 0 0 0 0 0 0 0
0 0 0 0 1 1 1 16 0 46 0 40 160 161 0 0 0 0 0 0 0 0 0 0 0 0 0 0
0 0 0 0 0 0 0 3 0 25 0 0 0 0 0 0 0 0 0 0 0 0 0 0 0 0 0 0
0 0 0 0 1 1 1 19 0 55 0 44 198 198 0 0 0 0 0 0 0 0 0 0 0 0 0 0
0 0 0 0 0 1 1 5 0 26 0 0 40 46 0 0 0 0 0 0 0 0 0 0 0 0 0 0
0 0 0 0 0 0 1 7 0 36 0 0 3 176 0 0 0 0 0 0 0 0 0 0 0 0 0 0
0 0 0 0 0 1 1 6 0 28 0 0 40 84 0 0 0 0 0 0 0 1 0 10 0 0 0 32
0 0 0 0 1 1 1 8 0 28 0 40 40 40 0 0 0 0 0 0 0 0 0 0 0 0 0 0
0 0 0 0 0 0 0 3 0 25 0 0 0 0 0 0 0 0 0 0 0 0 0 0 0 0 0 0
0 0 0 0 0 1 1 17 0 54 0 4 198 198 0 0 0 0 0 0 0 0 0 0 0 0 0 0
0 0 0 0 1 1 1 11 0 39 0 40 43 184 0 0 0 0 0 0 0 0 0 0 0 0 0 0
0 0 0 0 1 2 2 36 0 129 0 52 235 442 0 0 0 0 0 0 0 0 0 0 0 0 0 0
0 0 0 0 0 0 1 5 0 28 0 0 1 84 0 0 0 0 0 0 0 1 0 10 0 0 0 32
0 0 0 0 0 1 1 6 0 27 0 0 40 40 0 0 0 0 0 0 0 0 0 0 0 0 0 0
0 0 0 0 1 1 1 10 0 34 0 40 41 138 0 0 0 0 0 0 0 0 0 0 0 0 0 0
0 0 0 0 0 0 1 7 0 36 0 0 3 176 0 0 0 0 0 0 0 0 0 0 0 0 0 0
0 0 0 0 0 1 1 5 0 26 0 0 40 40 0 0 0 0 0 0 0 0 0 0 0 0 0 0
0 0 0 0 1 1 1 11 0 34 0 40 41 138 0 0 0 0 0 0 0 0 0 0 0 0 0 0
0 0 0 0 0 0 0 3 0 25 0 0 0 0 0 0 0 0 0 0 0 0 0 0 0 0 0 0
0 0 0 0 0 1 1 6 0 31 0 0 40 117 0 0 0 0 0 0 0 1 0 10 0 0 0 32
0 0 0 0 1 1 1 11 0 37 0 40 41 176 0 0 0 0 0 0 0 0 0 0 0 0 0 0
0 0 0 0 0 1 1 14 0 57 0 0 160 161 0 0 0 0 0 0 0 0 0 0 0 0 0 0
0 0 0 0 0 0 0 3 0 25 0 0 0 0 0 0 0 0 0 0 0 0 0 0 0 0 0 0
0 0 0 0 1 1 1 19 0 55 0 44 198 198 0 0 0 0 0 0 0 0 0 0 0 0 0 0
0 0 0 0 0 1 1 6 0 28 0 0 40 72 0 0 0 0 0 0 0 0 0 0 0 0 0 0
0 0 0 0 0 0 1 7 0 36 0 0 3 176 0 0 0 0 0 0 0 0 0 0 0 0 0 0
0 0 0 0 0 1 1 6 0 29 0 0 40 84 0 0 0 0 0 0 0 1 0 10 0 0 0 32
1 0 5 0 1 1 5 108 0 532 0 40 207 1989 0 0 5 0 0 0 8 117 0 544 0 0 67 2169
0 0 0 0 0 0 1 5 0 27 0 0 1 65 0 0 0 0 0 0 0 0 0 0 0 0 0 0
0 0 0 0 0 1 1 14 0 49 0 0 198 198 0 0 0 0 0 0 0 0 0 0 0 0 0 0
0 0 0 0 1 1 1 10 0 37 0 40 40 171 0 0 0 0 0 0 0 0 0 0 0 0 0 0
0 0 0 0 1 1 1 28 0 133 0 40 79 297 0 0 0 0 0 0 0 0 0 0 0 0 0 0
0 0 1 0 1 4 7 152 0 586 0 172 928 1956 0 0 1 0 1 3 4 158 0 732 0 62 424 3430
0 0 0 0 1 1 1 8 0 29 0 40 40 84 0 0 0 0 0 0 0 1 0 10 0 0 0 32
0 0 0 0 0 1 1 9 0 33 0 4 41 138 0 0 0 0 0 0 0 0 0 0 0 0 0 0
0 0 0 0 0 1 1 10 0 38 0 0 71 176 0 0 0 0 0 0 0 0 0 0 0 0 0 0
0 0 0 0 0 0 1 4 0 26 0 0 1 40 0 0 0 0 0 0 0 0 0 0 0 0 0 0
0 0 0 0 1 1 1 11 0 37 0 40 41 171 0 0 0 0 0 0 0 0 0 0 0 0 0 0
0 0 0 0 0 0 0 3 0 25 0 0 0 0 0 0 0 0 0 0 0 0 0 0 0 0 0 0
0 0 0 0 0 0 0 4 0 26 0 0 0 39 0 0 0 0 0 0 0 0 0 0 0 0 0 0
0 0 0 0 1 1 1 13 0 39 0 40 73 180 0 0 0 0 0 0 0 1 0 10 0 0 0 32
0 0 0 0 0 0 0 4 0 26 0 0 0 39 0 0 0 0 0 0 0 0 0 0 0 0 0 0
0 0 0 0 0 1 1 14 0 46 0 0 160 161 0 0 0 0 0 0 0 0 0 0 0 0 0 0
0 0 0 0 1 1 1 19 0 54 0 40 198 198 0 0 0 0 0 0 0 0 0 0 0 0 0 0
0 0 0 0 1 1 1 8 0 29 0 40 40 72 0 0 0 0 0 0 0 5 0 44 0 0 0 0
0 0 0 0 0 0 1 7 0 36 0 0 3 176 0 0 0 0 0 0 0 0 0 0 0 0 0 0
0 0 0 0 0 1 1 6 0 27 0 0 40 46 0 0 0 0 0 0 0 0 0 0 0 0 0 0
0 0 0 0 0 1 1 7 0 29 0 4 40 85 0 0 0 0 0 0 0 1 0 10 0 0 0 32
0 0 0 0 0 0 0 4 0 27 0 0 0 65 0 0 0 0 0 0 0 4 0 23 0 0 0 69
0 0 0 0 1 1 1 17 0 54 0 40 198 198 0 0 0 0 0 0 0 2 0 14 0 0 0 66
0 0 0 0 1 1 1 13 0 38 0 40 72 178 0 0 0 0 0 0 0 0 0 0 0 0 0 0
0 0 0 0 0 0 1 9 0 47 0 0 1 171 0 0 0 0 0 0 0 0 0 0 0 0 0 0
0 0 0 0 1 1 1 30 0 113 0 81 161 192 0 0 0 0 0 0 0 0 0 0 0 0 0 0
0 0 0 0 0 1 1 6 0 27 0 0 40 40 0 0 0 0 0 0 0 0 0 0 0 0 0 0
0 0 0 0 1 1 1 12 0 35 0 40 74 142 0 0 0 0 0 0 0 1 0 10 0 0 0 32
0 0 0 0 0 0 1 7 0 36 0 0 3 176 0 0 0 0 0 0 0 0 0 0 0 0 0 0
0 0 0 0 0 0 1 4 0 26 0 0 1 46 0 0 0 0 0 0 0 0 0 0 0 0 0 0
0 0 0 0 1 1 1 11 0 34 0 40 41 138 0 0 0 0 0 0 0 0 0 0 0 0 0 0
0 0 0 0 0 0 0 3 0 25 0 0 0 0 0 0 0 0 0 0 0 0 0 0 0 0 0 0
0 0 0 0 0 0 0 4 0 26 0 0 0 32 0 0 0 0 0 0 0 0 0 0 0 0 0 0
0 0 0 0 1 1 1 11 0 39 0 40 43 184 0 0 0 0 0 0 0 0 0 0 0 0 0 0
0 0 0 0 0 1 1 6 0 29 0 0 40 84 0 0 0 0 0 0 0 1 0 10 0 0 0 32
0 0 0 0 0 1 1 11 0 42 0 0 160 161 0 0 0 0 0 0 0 0 0 0 0 0 0 0
0 0 0 0 1 1 1 20 0 55 0 44 198 198 0 0 0 0 0 0 0 0 0 0 0 0 0 0
0 0 0 0 0 1 1 5 0 26 0 0 40 40 0 0 0 0 0 0 0 0 0 0 0 0 0 0
0 0 0 0 0 0 1 7 0 36 0 0 3 176 0 0 0 0 0 0 0 0 0 0 0 0 0 0
0 0 0 0 0 0 1 4 0 26 0 0 1 40 0 0 0 0 0 0 0 0 0 0 0 0 0 0
0 0 0 0 1 1 1 9 0 30 0 40 40 85 0 0 0 0 0 0 1 3 0 14 0 0 1 67
0 0 1 0 0 3 8 95 0 457 0 0 386 1114 1 0 5 0 0 1 10 990 0 7252 0 0 95 1624
0 0 1 0 1 2 5 114 0 477 10 198 317 836 0 0 2 0 1 3 4 487 0 2384 0 74 850 6206
0 0 1 0 1 1 1 211 0 1521 0 40 78 200 0 0 0 0 0 1 2 15 0 61 0 0 125 263
0 0 0 0 0 1 1 6 0 27 0 0 40 40 0 0 0 0 0 0 0 0 0 0 0 0 0 0
0 0 0 0 1 1 1 35 0 119 0 160 162 297 0 0 0 0 0 0 0 0 0 0 0 0 0 0
0 0 0 0 0 1 1 6 0 31 0 0 40 40 0 0 0 0 0 0 0 0 0 0 0 0 0 0
0 0 0 0 1 1 1 12 0 35 0 40 74 142 0 0 0 0 0 0 0 1 0 10 0 0 0 32
0 0 0 0 0 0 1 7 0 36 0 0 3 176 0 0 0 0 0 0 0 0 0 0 0 0 0 0
0 0 0 0 0 0 1 4 0 26 0 0 1 40 0 0 0 0 0 0 0 0 0 6 0 0 0 0
0 0 0 0 1 1 1 9 0 28 0 40 40 67 0 0 0 0 0 0 0 0 0 0 0 0 0 0
0 0 0 0 0 0 0 3 0 25 0 0 0 0 0 0 0 0 0 0 0 0 0 0 0 0 0 0
0 0 0 0 0 1 1 7 0 29 0 4 41 71 0 0 0 0 0 0 0 0 0 0 0 0 0 0
0 0 0 0 0 1 1 9 0 40 0 0 41 176 0 0 0 0 0 0 0 0 0 0 0 0 0 0
0 0 0 0 0 1 1 7 0 29 0 4 40 84 0 0 0 0 0 0 0 1 0 10 0 0 0 32
0 0 0 0 0 1 1 14 0 46 0 0 160 161 0 0 0 0 0 0 0 0 0 0 0 0 0 0
0 0 0 0 1 1 1 19 0 54 0 40 198 198 0 0 0 0 0 0 0 0 0 0 0 0 0 0
0 0 0 0 0 1 1 6 0 27 0 4 40 46 0 0 0 0 0 0 0 0 0 6 0 0 0 0
0 0 1 0 0 1 1 52 0 349 0 0 71 176 0 0 0 0 0 0 0 0 0 0 0 0 0 0
0 0 0 0 0 0 0 4 0 26 0 0 0 32 0 0 0 0 0 0 0 0 0 0 0 0 0 0
0 0 0 0 1 1 1 10 0 34 0 40 40 138 0 0 0 0 0 0 0 2 0 14 0 0 0 32
0 0 0 0 0 1 1 6 0 28 0 0 40 84 0 0 0 0 0 0 0 1 0 10 0 0 0 32
0 0 0 0 1 1 1 18 0 55 0 51 198 198 0 0 0 0 0 0 0 2 0 18 0 0 0 0
0 0 0 0 1 1 1 11 0 41 0 40 41 176 0 0 0 0 0 0 0 0 0 0 0 0 0 0
0 0 0 0 0 0 0 3 0 25 0 0 0 0 0 0 0 0 0 0 0 0 0 0 0 0 0 0
0 0 0 0 0 1 1 24 0 114 0 0 79 297 0 0 0 0 0 0 0 0 0 0 0 0 0 0
0 0 0 0 1 1 1 15 0 43 0 40 160 161 0 0 0 0 0 0 0 0 0 0 0 0 0 0
0 0 0 0 0 1 1 9 0 34 0 0 73 139 0 0 0 0 0 0 0 0 0 0 0 0 0 0
0 0 0 0 0 1 1 10 0 38 0 0 73 180 0 0 0 0 0 0 0 1 0 10 0 0 0 32
0 0 0 0 0 1 1 6 0 27 0 0 40 40 0 0 0 0 0 0 0 0 0 0 0 0 0 0
0 0 0 0 1 1 1 9 0 34 0 40 41 138 0 0 0 0 0 0 0 0 0 0 0 0 0 0
0 0 0 0 0 0 0 4 0 26 0 0 0 32 0 0 0 0 0 0 0 0 0 0 0 0 0 0
0 0 0 0 0 0 1 4 0 26 0 0 2 48 0 0 0 0 0 0 0 0 0 0 0 0 0 0
0 0 0 0 0 1 1 9 0 37 0 0 41 176 0 0 0 0 0 0 0 0 0 0 0 0 0 0
0 0 0 0 0 1 1 5 0 26 0 0 40 40 0 0 0 0 0 0 0 0 0 0 0 0 0 0
0 0 0 0 0 0 1 5 0 28 0 0 1 84 0 0 0 0 0 0 0 1 0 10 0 0 0 32
0 0 0 0 1 1 1 30 0 74 0 160 198 232 0 0 0 0 0 0 0 0 0 0 0 0 0 0
0 0 0 0 0 1 1 5 0 26 0 0 40 46 0 0 0 0 0 0 0 0 0 0 0 0 0 0
0 0 0 0 0 0 1 7 0 36 0 0 3 176 0 0 0 0 0 0 0 0 0 0 0 0 0 0
0 0 0 0 0 1 1 5 0 26 0 0 40 40 0 0 0 0 0 0 0 0 0 0 0 0 0 0
0 0 0 0 0 1 1 7 0 32 0 4 40 40 0 0 0 0 0 0 0 0 0 0 0 0 0 0
0 0 0 0 0 0 0 3 0 25 0 0 0 0 0 0 0 0 0 0 0 0 0 0 0 0 0 0
0 0 0 0 1 1 1 19 0 55 0 45 198 198 0 0 0 0 0 0 0 1 0 10 0 0 0 32
0 0 0 0 1 1 1 11 0 38 0 40 72 178 0 0 0 0 0 0 0 0 0 0 0 0 0 0
0 0 0 0 0 0 1 4 0 26 0 0 1 40 0 0 0 0 0 0 0 0 0 0 0 0 0 0
0 0 0 0 0 1 1 24 0 114 0 0 79 297 0 0 0 0 0 0 0 0 0 0 0 0 0 0
0 0 0 0 1 1 1 16 0 57 0 40 160 160 0 0 0 0 0 0 0 0 0 0 0 0 0 0
0 0 0 0 0 1 1 8 0 33 0 0 41 138 0 0 0 0 0 0 0 0 0 0 0 0 0 0
0 0 0 0 0 0 1 7 0 36 0 0 3 176 0 0 0 0 0 0 0 0 0 0 0 0 0 0
0 0 0 0 0 1 1 6 0 28 0 0 40 84 0 0 0 0 0 0 0 1 0 10 0 0 0 32
0 0 0 0 1 1 1 32 0 113 0 48 193 308 0 0 0 0 0 0 0 15 0 84 0 0 0 272
0 0 1 0 0 3 5 164 0 966 0 12 219 1222 0 0 3 0 0 3 13 873 0 4172 0 0 492 18307
0 0 1 0 0 1 1 41 0 207 0 4 47 595 0 0 1 0 0 0 3 144 0 1022 0 0 16 341
0 0 0 0 0 1 1 9 0 40 0 0 41 176 0 0 0 0 0 0 0 0 0 0 0 0 0 0
0 0 0 0 0 1 1 6 0 27 0 4 40 40 0 0 0 0 0 0 0 0 0 0 0 0 0 0
0 0 0 0 0 0 1 5 0 28 0 0 1 84 0 0 0 0 0 0 0 1 0 10 0 0 0 32
0 0 0 0 1 1 2 30 0 74 0 160 198 232 0 0 0 0 0 0 0 0 0 0 0 0 0 0
0 0 0 0 0 1 1 5 0 26 0 0 40 46 0 0 0 0 0 0 0 0 0 0 0 0 0 0
0 0 0 0 0 0 1 7 0 36 0 0 3 176 0 0 0 0 0 0 0 0 0 0 0 0 0 0
0 0 0 0 0 0 1 5 0 31 0 0 1 40 0 0 0 0 0 0 0 0 0 0 0 0 0 0
0 0 0 0 0 1 1 6 0 27 0 0 40 46 0 0 0 0 0 0 0 0 0 0 0 0 0 0
0 0 0 0 0 0 0 4 0 26 0 0 0 32 0 0 0 0 0 0 0 0 0 0 0 0 0 0
0 0 0 0 1 1 1 19 0 56 0 73 198 198 0 0 0 0 0 0 0 1 0 10 0 0 0 32
0 0 0 0 1 1 1 11 0 39 0 40 43 184 0 0 0 0 0 0 0 0 0 0 0 0 0 0
0 0 0 0 0 1 1 5 0 26 0 0 40 40 0 0 0 0 0 0 0 0 0 0 0 0 0 0
0 0 0 0 0 1 1 24 0 114 0 0 79 297 0 0 0 0 0 0 0 0 0 0 0 0 0 0
0 0 0 0 1 1 1 18 0 49 0 40 160 161 0 0 0 0 0 0 0 0 0 0 0 0 0 0
0 0 0 0 0 1 1 8 0 33 0 0 41 138 0 0 0 0 0 0 0 0 0 0 0 0 0 0
0 0 0 0 0 1 1 9 0 37 0 0 71 176 0 0 0 0 0 0 0 0 0 0 0 0 0 0
0 0 0 0 0 1 1 7 0 29 0 0 41 89 0 0 0 0 0 0 0 1 0 10 0 0 0 32
0 0 0 0 1 1 1 13 0 37 0 40 41 171 0 0 0 0 0 0 0 0 0 5 0 0 0 0
0 0 0 0 0 0 0 3 0 25 0 0 0 0 0 0 0 0 0 0 0 0 0 0 0 0 0 0
0 0 0 0 0 1 1 5 0 26 0 0 40 40 0 0 0 0 0 0 0 0 0 0 0 0 0 0
0 0 2 0 1 1 6 66 0 357 0 40 200 567 0 0 1 0 0 0 1 11 0 77 0 0 1 40
0 0 0 0 0 0 0 4 0 26 0 0 0 32 0 0 0 0 0 0 0 0 0 0 0 0 0 0
0 0 0 0 0 0 0 3 0 25 0 0 0 0 0 0 0 0 0 0 0 0 0 0 0 0 0 0
0 0 0 0 1 1 1 25 0 59 0 160 198 198 0 0 0 0 0 0 0 1 0 10 0 0 0 32
0 0 1 0 1 2 3 113 0 511 0 88 546 1069 0 0 1 0 0 1 4 193 0 966 0 0 546 3183
0 0 1 0 1 1 3 135 0 725 10 168 352 523 0 0 0 0 1 2 3 150 0 838 0 174 488 540
0 0 0 0 0 1 1 5 0 26 0 0 40 40 0 0 0 0 0 0 0 0 0 0 0 0 0 0
0 0 0 0 0 1 1 6 0 27 0 4 40 46 0 0 0 0 0 0 0 0 0 0 0 0 0 0
0 0 0 0 0 0 0 3 0 25 0 0 0 0 0 0 0 0 0 0 0 0 0 0 0 0 0 0
0 0 0 0 0 1 1 16 0 54 0 0 198 198 0 0 0 0 0 0 0 0 0 0 0 0 0 0
0 0 0 0 1 1 1 11 0 32 0 40 72 91 0 0 0 0 0 0 0 1 0 10 0 0 0 32
0 0 0 0 0 0 1 7 0 36 0 0 1 171 0 0 0 0 0 0 0 0 0 0 0 0 0 0
0 0 0 0 0 1 2 24 0 117 0 0 82 310 0 0 0 0 0 0 0 0 0 0 0 0 0 0
0 0 0 0 0 1 1 6 0 27 0 4 40 40 0 0 0 0 0 0 0 0 0 0 0 0 0 0
1 0 5 0 1 1 18 75 0 287 0 160 201 966 0 0 5 0 0 0 18 55 0 287 0 0 11 966
0 0 0 0 0 1 1 85 0 613 0 0 72 178 0 0 0 0 0 0 0 10 0 83 0 0 0 0
0 0 0 0 0 1 1 8 0 36 0 0 40 171 0 0 0 0 0 0 0 0 0 0 0 0 0 0
0 0 0 0 1 1 1 11 0 31 0 40 49 90 0 0 0 0 0 0 0 1 0 10 0 0 0 32
0 0 0 0 0 0 0 5 0 31 0 0 0 125 0 0 0 0 0 0 0 0 0 0 0 0 0 0
0 0 0 0 0 0 1 4 0 26 0 0 1 40 0 0 0 0 0 0 0 0 0 0 0 0 0 0
0 0 0 0 1 1 1 8 0 28 0 40 40 67 0 0 0 0 0 0 0 0 0 0 0 0 0 0
0 0 0 0 0 0 1 7 0 36 0 0 1 171 0 0 0 0 0 0 0 0 0 0 0 0 0 0
0 0 0 0 0 0 0 3 0 25 0 0 0 0 0 0 0 0 0 0 0 0 0 0 0 0 0 0
0 0 0 0 1 1 1 20 0 59 0 40 198 231 0 0 0 0 0 0 0 0 0 5 0 0 0 0
0 0 0 0 1 1 1 19 0 59 0 40 160 193 0 0 0 0 0 0 0 1 0 10 0 0 0 32
0 0 0 0 0 0 3 49 0 269 0 0 3 932 0 0 0 0 0 0 0 0 0 0 0 0 0 0
0 0 0 0 0 1 1 8 0 36 0 0 40 171 0 0 0 0 0 0 0 0 0 0 0 0 0 0
0 0 0 0 0 1 2 19 0 98 0 4 41 211 0 0 0 0 0 0 0 12 0 94 0 0 0 0
0 0 0 0 0 0 0 3 0 25 0 0 0 0 0 0 0 0 0 0 0 0 0 0 0 0 0 0
0 0 0 0 0 1 1 17 0 54 0 4 198 198 0 0 0 0 0 0 0 0 0 0 0 0 0 0
0 0 0 0 1 1 1 8 0 28 0 40 40 66 0 0 0 0 0 0 0 0 0 0 0 0 0 0
0 0 0 0 0 1 1 10 0 38 0 4 42 180 0 0 0 0 0 0 0 1 0 10 0 0 0 32
0 0 0 0 0 1 1 24 0 114 0 0 79 297 0 0 0 0 0 0 0 0 0 0 0 0 0 0
0 0 0 0 0 1 1 5 0 26 0 0 40 40 0 0 0 0 0 0 0 0 0 0 0 0 0 0
0 0 0 0 1 1 1 21 0 52 0 81 160 192 0 0 0 0 0 0 0 0 0 0 0 0 0 0
0 0 0 0 0 0 0 4 0 27 0 0 0 59 0 0 0 0 0 0 0 0 0 0 0 0 0 0
0 0 0 0 0 1 1 8 0 36 0 0 40 171 0 0 0 0 0 0 0 0 0 0 0 0 0 0
0 0 0 0 1 1 1 10 0 31 0 40 49 90 0 0 0 0 0 0 0 1 0 10 0 0 0 32
0 0 0 0 0 0 0 5 0 31 0 0 0 125 0 0 0 0 0 0 0 0 0 0 0 0 0 0
0 0 0 0 0 1 1 5 0 27 0 0 40 65 0 0 0 0 0 0 0 0 0 0 0 0 0 0
0 0 0 0 1 1 1 8 0 29 0 40 41 71 0 0 0 0 0 0 0 0 0 0 0 0 0 0
0 0 0 0 0 1 1 8 0 36 0 0 40 171 0 0 0 0 0 0 0 0 0 0 0 0 0 0
0 0 0 0 1 1 2 68 0 418 0 40 61 446 0 0 0 0 0 1 2 85 0 558 0 4 160 302
0 0 0 0 1 1 1 19 0 65 0 40 198 198 0 0 0 0 0 0 0 1 0 10 0 0 0 0
0 0 0 0 1 1 1 18 0 48 0 45 160 161 0 0 0 0 0 0 0 1 0 10 0 0 0 32
0 0 0 0 0 0 0 4 0 27 0 0 0 59 0 0 0 0 0 0 0 0 0 0 0 0 0 0
0 0 0 0 1 1 1 11 0 38 0 40 71 176 0 0 0 0 0 0 0 0 0 0 0 0 0 0
0 0 0 0 0 1 1 6 0 27 0 4 40 40 0 0 0 0 0 0 0 0 0 0 0 0 0 0
0 0 0 0 0 0 0 3 0 25 0 0 0 0 0 0 0 0 0 0 0 0 0 0 0 0 0 0
0 0 0 0 1 1 1 17 0 54 0 40 198 198 0 0 0 0 0 0 0 0 0 0 0 0 0 0
0 0 0 0 1 1 1 23 0 103 0 40 41 485 0 0 0 0 0 0 0 0 0 0 0 0 0 0
0 0 1 1 2 2 3 122 0 292 106 208 1108 1108 0 0 0 0 0 0 0 1 0 10 0 0 0 32
0 0 0 0 1 1 1 48 0 155 0 82 337 684 0 0 0 0 0 0 0 0 0 0 0 0 0 0
0 0 0 0 1 1 1 66 0 199 0 56 684 723 0 0 0 0 0 0 0 0 0 0 0 0 0 0
0 0 0 0 1 1 1 19 0 51 0 40 160 192 0 0 0 0 0 0 0 0 0 0 0 0 0 0
0 0 0 0 0 0 0 4 0 27 0 0 0 59 0 0 0 0 0 0 0 0 0 0 0 0 0 0
0 0 0 0 0 1 1 9 0 36 0 4 40 171 0 0 0 0 0 0 0 1 0 11 0 0 0 0
0 0 0 0 1 1 1 13 0 39 0 40 73 178 0 0 0 0 0 0 0 1 0 11 0 0 0 0
0 0 0 0 0 0 1 5 0 28 0 0 1 84 0 0 0 0 0 0 0 1 0 10 0 0 0 32
0 0 0 0 0 1 1 6 0 28 0 0 40 79 0 0 0 0 0 0 0 0 0 0 0 0 0 0
0 0 0 0 1 1 1 9 0 31 0 40 72 86 0 0 0 0 0 0 0 0 0 0 0 0 0 0
0 0 0 0 0 1 1 9 0 38 0 0 78 178 0 0 0 0 0 0 0 0 0 0 0 0 0 0
0 0 0 0 0 0 0 3 0 25 0 0 0 0 0 0 0 0 0 0 0 0 0 0 0 0 0 0
0 0 0 0 1 1 1 19 0 65 0 40 198 198 0 0 0 0 0 0 0 0 0 0 0 0 0 0
0 0 0 0 1 1 1 11 0 36 0 40 80 147 0 0 0 0 0 0 0 0 0 0 0 0 0 0
0 0 0 0 0 1 1 12 0 40 0 4 97 160 0 0 0 0 0 0 0 1 0 10 0 0 0 32
0 0 0 0 0 1 1 9 0 37 0 0 41 178 0 0 0 0 0 0 0 0 0 0 0 0 0 0
0 0 0 0 1 1 1 9 0 28 0 40 40 40 0 0 0 0 0 0 0 0 0 0 0 0 0 0
0 0 0 0 0 0 0 3 0 25 0 0 0 0 0 0 0 0 0 0 0 0 0 0 0 0 0 0
0 0 0 0 0 1 1 12 0 44 0 4 93 198 0 0 0 0 0 0 0 0 0 0 0 0 0 0
0 0 0 0 0 1 1 6 0 28 0 0 40 66 0 0 0 0 0 0 0 0 0 0 0 0 0 0
0 0 2 1 1 1 2 179 0 1216 40 57 162 200 0 0 3 0 1 1 1 324 0 2248 0 52 83 765
0 0 0 0 0 0 1 5 0 28 0 0 1 84 0 0 0 0 0 0 0 1 0 10 0 0 0 32
0 0 0 0 1 1 1 28 0 112 0 43 79 237 0 0 0 0 0 0 0 0 0 0 0 0 0 0
0 0 0 0 1 1 1 9 0 30 0 40 41 78 0 0 0 0 0 0 0 0 0 0 0 0 0 0
0 0 0 0 0 1 1 15 0 47 0 7 160 161 0 0 0 0 0 0 0 0 0 0 0 0 0 0
0 0 0 0 0 1 1 9 0 36 0 4 40 171 0 0 0 0 0 0 0 0 0 0 0 0 0 0
0 0 0 0 1 1 1 11 0 38 0 40 73 172 0 0 0 0 0 0 0 0 0 0 0 0 0 0
0 0 2 0 3 7 10 177 0 610 0 232 1190 2232 1 0 5 0 1 11 11 1441 0 8105 0 144 2061 13384
0 0 1 0 1 2 3 110 0 490 0 95 551 1043 0 0 1 0 1 2 4 251 0 1183 0 76 658 5509
0 0 1 1 1 2 5 256 0 1265 40 54 240 5516 0 0 0 0 1 2 3 93 0 558 0 59 239 314
0 0 0 0 0 1 1 8 0 36 0 0 40 171 0 0 0 0 0 0 0 0 0 0 0 0 0 0
0 0 0 0 0 0 0 3 0 25 0 0 0 0 0 0 0 0 0 0 0 0 0 0 0 0 0 0
0 0 0 0 1 1 1 21 0 54 0 40 198 198 0 0 0 0 0 0 0 0 0 0 0 0 0 0
0 0 0 0 0 1 1 6 0 27 0 4 40 46 0 0 0 0 0 0 0 0 0 0 0 0 0 0
0 0 0 0 1 1 1 15 0 47 0 44 160 161 0 0 0 0 0 0 0 0 0 6 0 0 0 0
0 0 0 0 1 1 1 15 0 41 0 41 95 185 0 0 0 0 0 1 1 3 0 13 0 0 40 52
0 0 0 0 0 0 1 4 0 26 0 0 1 40 0 0 0 0 0 0 0 0 0 0 0 0 0 0
0 0 1 0 0 0 1 12 0 70 0 0 1 171 0 0 0 0 0 0 0 0 0 0 0 0 0 0
0 0 0 0 1 1 1 18 0 54 0 40 198 198 0 0 0 0 0 0 0 0 0 0 0 0 0 0
0 0 0 0 1 1 1 9 0 31 0 40 71 78 0 0 0 0 0 0 0 0 0 0 0 0 0 0
0 0 0 0 0 1 1 9 0 36 0 4 40 171 0 0 0 0 0 0 0 1 0 13 0 0 0 0
0 0 0 0 0 1 1 6 0 28 0 0 40 84 0 0 0 0 0 0 1 3 0 15 0 0 1 67
0 0 0 0 1 1 2 32 0 116 0 44 85 336 0 0 0 0 0 1 1 3 0 12 0 0 40 52
0 0 0 0 0 1 1 9 0 33 0 4 41 138 0 0 0 0 0 0 0 0 0 0 0 0 0 0
0 0 0 0 1 1 1 19 0 49 0 78 160 161 0 0 0 0 0 0 0 1 0 10 0 0 0 0
0 0 0 0 1 1 1 14 0 41 0 43 81 185 0 0 0 0 0 0 0 2 0 14 0 0 0 32
0 0 0 0 1 1 1 12 0 35 0 40 73 139 0 0 0 0 0 0 0 0 0 0 0 0 0 0
0 0 0 0 0 0 1 6 0 29 0 0 3 80 0 0 0 0 0 0 2 4 0 25 0 0 0 118
0 0 0 0 1 1 2 31 0 139 0 41 99 309 0 0 0 0 0 2 2 79 0 504 0 4 122 367
0 0 0 0 1 1 1 13 0 34 0 40 71 111 0 0 0 0 0 0 0 0 0 0 0 0 0 0
0 0 0 0 1 1 1 42 0 151 0 40 224 684 0 0 0 0 0 0 0 0 0 6 0 0 0 0
0 0 0 0 0 1 1 37 0 150 0 0 224 684 0 0 0 0 0 0 0 0 0 0 0 0 0 0
0 0 0 0 1 1 1 27 0 98 0 40 198 199 0 0 0 0 0 0 0 0 0 0 0 0 0 0
0 0 0 0 0 1 1 6 0 27 0 4 40 48 0 0 0 0 0 0 0 0 0 0 0 0 0 0
0 0 0 0 0 1 1 15 0 47 0 7 160 161 0 0 0 0 0 0 0 0 0 0 0 0 0 0
0 0 1 0 1 1 1 21 0 72 0 40 99 200 0 0 0 0 0 0 0 1 0 10 0 0 0 32
0 0 0 0 0 1 1 6 0 27 0 4 40 40 0 0 0 0 0 0 0 0 0 0 0 0 0 0
0 0 0 0 0 0 1 4 0 26 0 0 1 40 0 0 0 0 0 0 0 0 0 6 0 0 0 0
0 0 0 0 1 1 1 18 0 54 0 40 198 198 0 0 0 0 0 0 0 1 0 10 0 0 0 0
0 0 0 0 0 1 1 8 0 30 0 4 72 80 0 0 0 0 0 0 0 0 0 0 0 0 0 0
0 0 0 0 1 1 1 13 0 40 0 43 78 178 0 0 0 0 0 0 0 0 0 0 0 0 0 0
0 0 0 0 0 0 0 3 0 25 0 0 0 0 0 0 0 0 0 0 0 0 0 0 0 0 0 0
0 0 0 0 1 2 2 33 0 115 0 73 123 297 0 0 0 0 0 0 0 1 0 10 0 0 0 32
1 0 2 1 4 6 7 402 0 1485 58 345 1512 6914 1 0 2 0 4 9 11 1116 0 3384 0 4133 9044 12376
0 0 0 0 1 1 3 31 0 95 0 160 162 400 0 0 0 0 0 0 4 116 0 751 0 0 0 1027
0 0 0 0 1 1 1 11 0 37 0 40 40 171 0 0 0 0 0 0 0 0 0 6 0 0 0 0
0 0 0 0 1 1 1 11 0 37 0 40 41 171 0 0 0 0 0 0 0 0 0 0 0 0 0 0
0 0 0 0 0 0 0 3 0 25 0 0 0 0 0 0 0 0 0 0 0 0 0 0 0 0 0 0
0 0 0 0 0 1 1 6 0 28 0 0 40 72 0 0 0 0 0 0 0 0 0 0 0 0 0 0
0 0 0 0 1 1 1 9 0 30 0 40 41 90 0 0 0 0 0 0 0 1 0 10 0 0 0 32
0 0 0 0 0 1 1 10 0 42 0 0 43 185 0 0 0 0 0 0 0 0 0 0 0 0 0 0
0 0 1 0 0 1 1 77 0 482 0 0 166 478 0 0 1 0 0 0 0 71 0 481 0 0 0 442
0 0 0 1 1 1 1 43 0 108 40 168 198 478 0 0 0 0 0 0 1 18 0 97 0 0 2 452
0 0 0 0 0 0 0 4 0 31 0 0 0 32 0 0 0 0 0 0 0 0 0 0 0 0 0 0
0 0 1 0 0 1 7 421 0 2223 0 4 94 9030 0 0 0 0 0 0 3 75 0 518 0 0 4 346
0 0 0 0 1 1 1 18 0 49 0 51 160 192 0 0 0 0 0 0 0 0 0 0 0 0 0 0
0 0 0 0 1 1 1 9 0 30 0 40 40 84 0 0 0 0 0 0 0 1 0 10 0 0 0 32
0 0 0 0 0 0 0 3 0 25 0 0 0 0 0 0 0 0 0 0 0 0 0 0 0 0 0 0
0 0 0 0 1 1 1 15 0 49 0 40 198 198 0 0 0 0 0 0 0 0 0 0 0 0 0 0
0 0 0 0 1 1 1 9 0 29 0 40 40 66 0 0 0 0 0 0 0 0 0 0 0 0 0 0
