0 0 1 0 1 1 4 177 0 839 0 160 161 2062 0 0 2 0 0 0 6 205 0 1094 0 0 28 2591
0 0 0 0 0 0 0 0 0 0 0 0 0 0 0 0 0 0 0 0 0 0 0 0 0 0 0 0
0 0 0 0 0 0 0 1 0 7 0 0 0 16 0 0 0 0 0 0 0 0 0 0 0 0 0 0
0 0 0 0 0 0 0 1 0 7 0 0 0 16 0 0 0 0 0 0 0 0 0 0 0 0 0 0
0 0 0 0 0 0 0 1 0 7 0 0 0 16 0 0 0 0 0 0 0 0 0 0 0 0 0 0
0 0 0 0 0 0 0 0 0 0 0 0 0 0 0 0 0 0 0 0 0 0 0 0 0 0 0 0
0 0 0 0 0 0 0 0 0 0 0 0 0 0 0 0 0 0 0 0 0 0 0 0 0 0 0 0
0 0 0 0 1 1 2 42 0 156 0 73 208 530 0 0 0 0 0 0 0 0 0 0 0 0 0 0
0 0 0 0 0 1 1 5 0 19 0 4 40 62 0 0 0 0 0 0 1 3 0 14 0 0 21 54
0 0 0 0 0 0 1 2 0 9 0 0 21 40 0 0 0 0 0 0 0 0 0 0 0 0 0 0
0 0 0 0 0 0 0 0 0 0 0 0 0 0 0 0 0 0 0 0 0 0 0 0 0 0 0 0
0 0 0 0 0 0 1 2 0 9 0 0 21 40 0 0 0 0 0 0 0 1 0 7 0 0 0 16
0 0 0 0 0 0 0 0 0 0 0 0 0 0 0 0 0 0 0 0 0 0 0 0 0 0 0 0
0 0 0 0 0 0 0 0 0 0 0 0 0 0 0 0 0 0 0 0 0 0 0 0 0 0 0 0
0 0 0 0 0 0 1 2 0 9 0 0 21 40 0 0 0 0 0 0 0 0 0 0 0 0 0 0
0 0 0 0 0 0 0 1 0 7 0 0 0 16 0 0 0 0 0 0 0 0 0 0 0 0 0 0
0 0 0 0 0 0 0 0 0 0 0 0 0 0 0 0 0 0 0 0 0 0 0 0 0 0 0 0
0 0 0 0 0 0 0 0 0 0 0 0 0 0 0 0 0 0 0 0 0 0 0 0 0 0 0 0
0 0 0 0 0 0 0 0 0 0 0 0 0 0 0 0 0 0 0 0 0 0 0 0 0 0 0 0
0 0 0 0 0 0 0 0 0 0 0 0 0 0 0 0 0 0 0 0 0 0 0 0 0 0 0 0
0 0 0 0 0 0 0 0 0 0 0 0 0 0 0 0 0 0 0 0 0 0 0 0 0 0 0 0
0 0 0 0 1 1 1 22 0 54 0 160 160 161 0 0 0 0 0 0 0 0 0 0 0 0 0 0
0 0 0 0 1 1 1 7 0 20 0 40 40 62 0 0 0 0 0 0 1 3 0 14 0 0 21 54
0 0 0 0 0 0 0 0 0 0 0 0 0 0 0 0 0 0 0 0 0 0 0 0 0 0 0 0
0 0 0 0 0 0 0 0 0 0 0 0 0 0 0 0 0 0 0 0 0 0 0 0 0 0 0 0
0 0 0 0 0 0 0 0 0 0 0 0 0 0 0 0 0 0 0 0 0 0 0 0 0 0 0 0
0 0 0 0 0 0 0 0 0 0 0 0 0 0 0 0 0 0 0 0 0 0 0 0 0 0 0 0
0 0 0 0 0 0 0 0 0 0 0 0 0 0 0 0 0 0 0 0 0 0 0 0 0 0 0 0
0 0 0 0 0 0 0 0 0 0 0 0 0 0 0 0 0 0 0 0 0 0 0 0 0 0 0 0
0 0 0 0 0 0 0 1 0 7 0 0 0 16 0 0 0 0 0 0 0 0 0 0 0 0 0 0
0 0 0 0 0 0 1 2 0 9 0 0 21 40 0 0 0 0 0 0 0 0 0 0 0 0 0 0
0 0 0 0 0 0 0 0 0 0 0 0 0 0 0 0 0 0 0 0 0 0 0 0 0 0 0 0
0 0 0 0 0 0 0 0 0 0 0 0 0 0 0 0 0 0 0 0 0 0 0 0 0 0 0 0
0 0 0 0 0 0 0 0 0 0 0 0 0 0 0 0 0 0 0 0 0 0 0 0 0 0 0 0
0 0 0 0 0 0 0 0 0 0 0 0 0 0 0 0 0 0 0 0 0 0 0 0 0 0 0 0
0 0 0 0 0 0 1 2 0 9 0 0 21 40 0 0 0 0 0 0 0 0 0 0 0 0 0 0
0 0 0 0 0 0 1 4 0 18 0 0 21 62 0 0 0 0 0 0 1 3 0 14 0 0 21 54
0 0 0 0 0 0 0 1 0 7 0 0 0 16 0 0 0 0 0 0 0 0 0 0 0 0 0 0
0 0 0 0 0 0 0 0 0 0 0 0 0 0 0 0 0 0 0 0 0 0 0 0 0 0 0 0
0 0 0 0 0 0 0 0 0 0 0 0 0 0 0 0 0 0 0 0 0 0 0 0 0 0 0 0
0 0 0 0 0 0 0 1 0 7 0 0 0 16 0 0 0 0 0 0 0 2 0 15 0 0 0 36
0 0 0 0 1 1 1 22 0 58 0 160 160 177 0 0 0 0 0 0 0 0 0 0 0 0 0 0
0 0 0 0 0 0 0 0 0 0 0 0 0 0 0 0 0 0 0 0 0 0 0 0 0 0 0 0
1 0 4 0 1 5 15 62 0 235 0 40 356 852 1 0 4 0 0 4 15 59 0 235 0 0 338 852
0 0 0 0 0 0 0 0 0 0 0 0 0 0 0 0 0 0 0 0 0 0 0 0 0 0 0 0
0 0 0 0 0 0 0 0 0 0 0 0 0 0 0 0 0 0 0 0 0 0 0 0 0 0 0 0
0 0 0 0 0 0 0 0 0 0 0 0 0 0 0 0 0 0 0 0 0 0 0 0 0 0 0 0
0 0 0 0 1 1 2 42 0 156 0 73 208 530 0 0 0 0 0 0 0 0 0 0 0 0 0 0
0 0 0 0 0 0 0 0 0 0 0 0 0 0 0 0 0 0 0 0 0 0 0 0 0 0 0 0
1 0 5 0 0 1 14 64 0 333 0 4 44 809 1 0 5 0 0 0 13 62 0 333 0 0 0 781
0 0 0 0 0 0 1 4 0 18 0 0 21 62 0 0 0 0 0 0 1 3 0 14 0 0 21 54
0 0 0 0 0 0 0 0 0 0 0 0 0 0 0 0 0 0 0 0 0 0 0 0 0 0 0 0
0 0 0 0 0 0 0 0 0 0 0 0 0 0 0 0 0 0 0 0 0 0 0 0 0 0 0 0
0 0 0 0 0 0 0 0 0 0 0 0 0 0 0 0 0 0 0 0 0 0 0 0 0 0 0 0
0 0 0 0 0 1 1 6 0 18 0 4 57 71 0 0 0 0 0 0 0 0 0 0 0 0 0 0
0 0 0 0 0 0 0 0 0 0 0 0 0 0 0 0 0 0 0 0 0 0 0 0 0 0 0 0
0 0 0 0 0 0 1 2 0 9 0 0 21 40 0 0 0 0 0 0 0 0 0 0 0 0 0 0
0 0 0 0 0 0 0 0 0 0 0 0 0 0 0 0 0 0 0 0 0 0 0 0 0 0 0 0
0 0 0 0 0 0 0 0 0 0 0 0 0 0 0 0 0 0 0 0 0 0 0 0 0 0 0 0
0 0 0 0 0 0 0 0 0 0 0 0 0 0 0 0 0 0 0 0 0 0 0 0 0 0 0 0
0 0 0 0 0 0 0 0 0 0 0 0 0 0 0 0 0 0 0 0 0 0 0 0 0 0 0 0
0 0 0 0 1 1 1 17 0 48 0 52 160 160 0 0 0 0 0 0 0 0 0 0 0 0 0 0
0 0 0 0 0 0 1 6 0 29 0 0 21 90 0 0 0 0 0 0 0 0 0 0 0 0 0 0
0 0 0 0 0 0 1 5 0 21 0 0 43 85 0 0 0 0 0 0 1 3 0 14 0 0 21 54
0 0 0 0 0 0 0 0 0 0 0 0 0 0 0 0 0 0 0 0 0 0 0 0 0 0 0 0
0 0 0 0 0 0 0 0 0 0 0 0 0 0 0 0 0 0 0 0 0 0 0 0 0 0 0 0
0 0 0 0 0 0 0 0 0 0 0 0 0 0 0 0 0 0 0 0 0 0 0 0 0 0 0 0
0 0 0 0 0 0 0 1 0 7 0 0 0 16 0 0 0 0 0 0 0 0 0 0 0 0 0 0
0 0 0 0 0 0 0 1 0 7 0 0 0 16 0 0 0 0 0 0 0 0 0 0 0 0 0 0
0 0 0 0 0 0 0 0 0 0 0 0 0 0 0 0 0 0 0 0 0 0 0 0 0 0 0 0
1 0 3 2 6 6 9 329 0 771 152 911 1495 2706 1 0 3 1 5 10 11 567 0 1946 52 615 3064 7015
0 0 0 0 0 0 0 0 0 0 0 0 0 0 0 0 0 0 0 0 1 3 0 12 0 0 28 52
0 0 0 0 1 1 2 8 0 21 0 40 61 80 0 0 0 0 1 2 2 20 0 50 0 81 133 178
0 0 0 0 0 0 0 0 0 0 0 0 0 0 0 0 0 0 0 0 0 1 0 9 0 0 0 21
0 0 0 0 0 0 0 0 0 0 0 0 0 0 0 0 0 0 0 0 0 0 0 0 0 0 0 0
0 0 0 0 0 0 0 1 0 7 0 0 0 16 0 0 0 0 0 0 1 3 0 12 0 0 28 52
0 0 0 0 0 0 0 1 0 7 0 0 0 16 0 0 0 0 0 0 0 0 0 0 0 0 0 0
0 0 0 0 0 1 1 5 0 19 0 4 40 62 0 0 0 0 0 0 1 3 0 14 0 0 21 54
0 0 0 0 0 0 0 0 0 0 0 0 0 0 0 0 0 0 0 0 0 0 0 0 0 0 0 0
0 0 0 0 0 0 0 0 0 0 0 0 0 0 0 0 0 0 0 0 0 0 0 0 0 0 0 0
0 0 0 0 0 0 0 0 0 0 0 0 0 0 0 0 0 0 0 0 0 0 0 0 0 0 0 0
0 0 0 0 0 0 1 2 0 9 0 0 21 40 0 0 0 0 0 0 1 3 0 12 0 0 28 52
0 0 0 0 1 1 1 21 0 54 0 160 160 161 0 0 0 0 0 0 0 0 0 0 0 0 0 0
0 0 0 0 0 0 0 1 0 7 0 0 0 16 0 0 0 0 0 0 0 0 0 0 0 0 0 0
0 0 0 0 0 0 0 0 0 0 0 0 0 0 0 0 0 0 0 0 0 0 0 0 0 0 0 0
0 0 0 0 0 0 0 0 0 0 0 0 0 0 0 0 0 0 0 0 0 0 0 0 0 0 0 0
0 0 0 0 0 0 0 0 0 0 0 0 0 0 0 0 0 0 0 0 0 0 0 0 0 0 0 0
0 0 0 0 0 0 1 11 0 57 0 0 21 157 0 0 0 0 0 0 0 0 0 0 0 0 0 0
0 0 0 0 0 1 2 33 0 148 0 7 94 411 0 0 0 0 0 0 0 0 0 0 0 0 0 0
0 0 0 0 0 0 0 1 0 7 0 0 0 16 0 0 0 0 0 0 0 0 0 0 0 0 0 0
0 0 0 0 0 0 0 0 0 0 0 0 0 0 0 0 0 0 0 0 0 0 0 0 0 0 0 0
0 0 0 0 0 0 1 4 0 18 0 0 21 62 0 0 0 0 0 0 1 3 0 14 0 0 21 54
0 0 0 0 0 0 0 0 0 0 0 0 0 0 0 0 0 0 0 0 0 0 0 0 0 0 0 0
0 0 0 0 0 0 0 0 0 0 0 0 0 0 0 0 0 0 0 0 0 0 0 0 0 0 0 0
0 0 0 0 0 0 0 1 0 7 0 0 0 16 0 0 0 0 0 0 0 0 0 0 0 0 0 0
0 0 0 0 0 0 0 1 0 7 0 0 0 16 0 0 0 0 0 0 0 0 0 0 0 0 0 0
0 0 0 0 0 0 0 0 0 0 0 0 0 0 0 0 0 0 0 0 0 0 0 0 0 0 0 0
0 0 0 0 0 0 0 1 0 7 0 0 0 16 0 0 0 0 0 0 0 0 0 0 0 0 0 0
0 0 0 0 0 0 0 0 0 0 0 0 0 0 0 0 0 0 0 0 0 0 0 0 0 0 0 0
0 0 0 0 0 0 0 0 0 0 0 0 0 0 0 0 0 0 0 0 0 0 0 0 0 0 0 0
0 0 0 0 0 0 0 0 0 0 0 0 0 0 0 0 0 0 0 0 0 0 0 0 0 0 0 0
0 0 0 0 0 0 1 2 0 9 0 0 21 40 0 0 0 0 0 0 0 0 0 0 0 0 0 0
0 0 0 0 1 1 1 22 0 54 0 160 160 161 0 0 0 0 0 0 0 0 0 0 0 0 0 0
0 0 0 0 0 0 0 0 0 0 0 0 0 0 0 0 0 0 0 0 0 0 0 0 0 0 0 0
0 0 0 0 0 0 0 0 0 0 0 0 0 0 0 0 0 0 0 0 0 0 0 0 0 0 0 0
0 0 0 0 0 0 1 4 0 18 0 0 21 62 0 0 0 0 0 0 1 3 0 14 0 0 21 54
0 0 0 0 0 0 0 0 0 0 0 0 0 0 0 0 0 0 0 0 0 0 0 0 0 0 0 0
0 0 1 0 0 1 4 115 0 599 0 0 67 1475 0 0 1 0 0 2 6 161 0 767 0 0 326 2131
0 0 0 0 0 0 0 0 0 0 0 0 0 0 0 0 0 0 0 0 0 0 0 0 0 0 0 0
0 0 0 0 0 0 1 2 0 9 0 0 21 40 0 0 0 0 0 0 0 0 0 0 0 0 0 0
0 0 0 0 0 0 0 1 0 7 0 0 0 16 0 0 0 0 0 0 0 0 0 0 0 0 0 0
0 0 0 0 0 0 0 0 0 0 0 0 0 0 0 0 0 0 0 0 0 0 0 0 0 0 0 0
0 0 0 0 0 0 0 0 0 0 0 0 0 0 0 0 0 0 0 0 0 0 0 0 0 0 0 0
0 0 0 0 0 0 0 0 0 0 0 0 0 0 0 0 0 0 0 0 0 0 0 0 0 0 0 0
0 0 0 0 0 0 0 1 0 7 0 0 0 16 0 0 0 0 0 0 0 0 0 0 0 0 0 0
0 0 0 0 0 0 0 1 0 7 0 0 0 16 0 0 0 0 0 0 0 0 0 0 0 0 0 0
0 0 0 0 0 0 0 1 0 7 0 0 0 16 0 0 0 0 0 0 0 0 0 0 0 0 0 0
0 0 0 0 0 0 0 0 0 0 0 0 0 0 0 0 0 0 0 0 0 0 0 0 0 0 0 0
0 0 0 0 0 0 1 4 0 18 0 0 21 62 0 0 0 0 0 0 1 3 0 14 0 0 21 54
0 0 0 0 0 0 0 0 0 0 0 0 0 0 0 0 0 0 0 0 0 0 0 0 0 0 0 0
0 0 0 0 0 0 0 0 0 0 0 0 0 0 0 0 0 0 0 0 0 0 0 0 0 0 0 0
0 0 0 0 0 0 1 2 0 9 0 0 21 40 0 0 0 0 0 0 0 0 0 0 0 0 0 0
0 0 0 0 0 1 1 16 0 48 0 16 160 160 0 0 0 0 0 0 0 0 0 0 0 0 0 0
0 0 0 0 0 0 1 6 0 29 0 0 21 90 0 0 0 0 0 0 0 0 0 0 0 0 0 0
0 0 2 0 3 7 9 192 0 635 0 413 1041 2065 1 0 7 0 2 8 22 1963 0 10070 0 382 1234 24597
0 0 0 0 0 1 3 28 0 125 0 0 87 380 0 0 2 0 0 2 7 558 0 2662 0 0 1099 7361
0 0 0 0 0 0 0 0 0 0 0 0 0 0 0 0 0 0 0 0 0 0 0 0 0 0 0 0
0 0 1 0 1 2 4 148 0 646 0 61 400 1853 0 0 1 0 1 3 5 258 0 1187 0 85 536 3158
0 0 0 0 1 1 2 46 0 155 0 73 208 530 0 0 0 0 0 0 0 0 0 0 0 0 0 0
0 0 0 0 0 0 0 0 0 0 0 0 0 0 0 0 0 0 0 0 0 0 0 0 0 0 0 0
0 0 0 0 0 0 0 0 0 0 0 0 0 0 0 0 0 0 0 0 0 0 0 0 0 0 0 0
0 0 0 0 0 0 0 0 0 0 0 0 0 0 0 0 0 0 0 0 0 0 0 0 0 0 0 0
0 0 0 0 0 0 1 4 0 18 0 0 21 62 0 0 0 0 0 0 1 3 0 14 0 0 21 54
0 0 0 0 0 0 0 0 0 0 0 0 0 0 0 0 0 0 0 0 0 0 0 0 0 0 0 0
0 0 0 0 0 0 0 0 0 0 0 0 0 0 0 0 0 0 0 0 0 0 0 0 0 0 0 0
0 0 0 0 0 0 0 0 0 0 0 0 0 0 0 0 0 0 0 0 0 0 0 0 0 0 0 0
0 0 0 0 0 0 1 2 0 9 0 0 21 40 0 0 0 0 0 0 0 0 0 0 0 0 0 0
0 0 0 0 0 0 0 1 0 7 0 0 0 16 0 0 0 0 0 0 0 0 0 0 0 0 0 0
0 0 0 0 0 0 0 0 0 0 0 0 0 0 0 0 0 0 0 0 0 0 0 0 0 0 0 0
0 0 0 0 0 0 0 0 0 0 0 0 0 0 0 0 0 0 0 0 0 0 0 0 0 0 0 0
0 0 0 0 0 0 0 1 0 7 0 0 0 17 0 0 0 0 0 0 0 1 0 9 0 0 0 21
0 0 0 0 0 0 0 1 0 7 0 0 0 16 0 0 0 0 0 0 0 0 0 0 0 0 0 0
0 0 0 0 0 0 0 1 0 7 0 0 0 16 0 0 0 0 0 0 0 0 0 0 0 0 0 0
0 0 0 0 1 1 1 21 0 54 0 160 160 161 0 0 0 0 0 0 0 0 0 0 0 0 0 0
0 0 0 0 0 0 0 1 0 7 0 0 0 16 0 0 0 0 0 0 0 0 0 0 0 0 0 0
0 0 0 0 0 0 0 0 0 0 0 0 0 0 0 0 0 0 0 0 0 0 0 0 0 0 0 0
0 0 0 0 0 0 1 4 0 18 0 0 21 62 0 0 0 0 0 0 1 3 0 14 0 0 21 54
0 0 0 0 0 0 0 0 0 0 0 0 0 0 0 0 0 0 0 0 0 0 0 0 0 0 0 0
0 0 0 0 0 0 1 2 0 11 0 0 21 43 0 0 0 0 0 0 0 0 0 0 0 0 0 0
0 0 0 0 0 0 0 0 0 0 0 0 0 0 0 0 0 0 0 0 0 0 0 0 0 0 0 0
0 0 0 0 0 0 0 0 0 0 0 0 0 0 0 0 0 0 0 0 0 0 0 0 0 0 0 0
0 0 0 0 0 0 0 0 0 0 0 0 0 0 0 0 0 0 0 0 0 0 0 0 0 0 0 0
0 0 0 0 0 0 0 0 0 0 0 0 0 0 0 0 0 0 0 0 0 0 0 0 0 0 0 0
0 0 0 0 0 0 0 1 0 7 0 0 0 16 0 0 0 0 0 0 0 2 0 14 0 0 0 34
0 0 0 0 0 0 0 1 0 7 0 0 0 16 0 0 0 0 0 0 0 0 0 0 0 0 0 0
0 0 0 0 0 1 1 6 0 18 0 4 57 71 0 0 0 0 0 0 0 1 0 9 0 0 0 21
0 0 0 0 0 0 0 1 0 8 0 0 0 20 0 0 0 0 0 0 0 0 0 0 0 0 0 0
0 0 0 0 0 0 0 0 0 0 0 0 0 0 0 0 0 0 0 0 0 0 0 0 0 0 0 0
0 0 0 0 0 0 0 0 0 0 0 0 0 0 0 0 0 0 0 0 0 0 0 0 0 0 0 0
0 0 0 0 0 0 0 0 0 0 0 0 0 0 0 0 0 0 0 0 0 0 0 0 0 0 0 0
0 0 0 0 0 1 1 8 0 27 0 4 69 104 0 0 0 0 0 1 1 7 0 23 0 4 58 86
0 0 0 0 0 0 0 1 0 7 0 0 0 16 0 0 0 0 0 0 0 1 0 7 0 0 0 16
0 0 0 0 0 0 1 2 0 9 0 0 21 40 0 0 0 0 0 0 0 0 0 0 0 0 0 0
0 0 0 0 1 1 1 22 0 54 0 160 160 161 0 0 0 0 0 0 0 0 0 0 0 0 0 0
0 0 0 0 0 0 0 0 0 0 0 0 0 0 0 0 0 0 0 0 0 0 0 0 0 0 0 0
0 0 0 0 0 0 0 2 0 14 0 0 0 33 0 0 0 0 0 0 1 4 0 25 0 0 0 60
0 0 0 0 0 0 0 0 0 0 0 0 0 0 0 0 0 0 0 0 0 0 0 0 0 0 0 0
0 0 0 0 0 0 0 0 0 0 0 0 0 0 0 0 0 0 0 0 0 0 0 0 0 0 0 0
0 0 0 0 1 1 2 44 0 156 0 73 208 530 0 0 0 0 0 0 0 0 0 0 0 0 0 0
0 0 0 0 0 0 1 2 0 9 0 0 21 40 0 0 0 0 0 0 0 0 0 0 0 0 0 0
0 0 0 0 0 0 0 0 0 0 0 0 0 0 0 0 0 0 0 0 0 0 0 0 0 0 0 0
0 0 0 0 0 0 0 0 0 0 0 0 0 0 0 0 0 0 0 0 0 0 0 0 0 0 0 0
0 0 0 0 0 0 0 0 0 0 0 0 0 0 0 0 0 0 0 0 0 0 0 0 0 0 0 0
0 0 0 0 0 0 1 4 0 18 0 0 21 62 0 0 0 0 0 0 1 3 0 14 0 0 21 54
0 0 0 0 0 0 0 0 0 0 0 0 0 0 0 0 0 0 0 0 0 0 0 0 0 0 0 0
0 0 0 0 0 0 0 1 0 7 0 0 0 16 0 0 0 0 0 0 0 0 0 0 0 0 0 0
0 0 0 0 0 0 0 0 0 0 0 0 0 0 0 0 0 0 0 0 0 0 0 0 0 0 0 0
1 0 4 0 1 7 16 68 0 244 0 41 428 921 1 0 4 0 0 7 16 65 0 245 0 5 428 921
0 0 0 0 0 0 0 0 0 0 0 0 0 0 0 0 0 0 0 0 0 0 0 0 0 0 0 0
0 0 0 0 0 0 0 0 0 0 0 0 0 0 0 0 0 0 0 0 0 0 0 0 0 0 0 0
0 0 0 0 0 0 0 0 0 0 0 0 0 0 0 0 0 0 0 0 0 0 0 0 0 0 0 0
0 0 0 0 0 1 1 4 0 12 0 4 40 40 0 0 0 0 0 0 0 2 0 14 0 0 0 34
0 0 0 0 0 0 0 1 0 7 0 0 0 16 0 0 0 0 0 0 0 0 0 0 0 0 0 0
0 0 0 0 0 0 1 10 0 39 0 0 87 160 0 0 0 0 0 0 0 0 0 0 0 0 0 0
0 0 0 0 0 0 1 10 0 40 0 0 88 161 0 0 0 0 0 0 0 0 0 0 0 0 0 0
0 0 0 0 0 0 0 0 0 0 0 0 0 0 0 0 0 0 0 0 0 0 0 0 0 0 0 0
0 0 0 0 0 0 0 0 0 0 0 0 0 0 0 0 0 0 0 0 0 0 0 0 0 0 0 0
0 0 0 0 0 0 1 4 0 18 0 0 21 62 0 0 0 0 0 0 1 3 0 14 0 0 21 54
0 0 0 0 0 0 0 1 0 8 0 0 0 20 0 0 0 0 0 0 0 0 0 0 0 0 0 0
0 0 0 0 0 0 0 1 0 7 0 0 0 16 0 0 0 0 0 0 0 0 0 0 0 0 0 0
0 0 0 0 0 0 0 0 0 0 0 0 0 0 0 0 0 0 0 0 0 0 0 0 0 0 0 0
0 0 0 0 0 0 0 0 0 0 0 0 0 0 0 0 0 0 0 0 0 0 0 0 0 0 0 0
0 0 0 0 0 0 0 0 0 0 0 0 0 0 0 0 0 0 0 0 0 0 0 0 0 0 0 0
0 0 0 0 0 0 0 0 0 0 0 0 0 0 0 0 0 0 0 0 0 0 0 0 0 0 0 0
0 0 0 0 0 0 1 2 0 9 0 0 21 40 0 0 0 0 0 0 0 0 0 0 0 0 0 0
1 0 1 2 4 5 6 386 0 1076 80 693 2290 3901 1 0 3 2 5 6 10 1497 0 3646 141 4358 8996 13237
0 0 0 0 2 3 3 51 0 158 0 99 315 532 0 0 1 0 1 2 3 157 0 731 0 118 255 1923
0 0 0 0 0 0 0 0 0 0 0 0 0 0 0 0 0 0 0 0 0 0 0 0 0 0 0 0
0 0 0 0 0 0 0 0 0 0 0 0 0 0 0 0 0 0 0 0 0 0 0 0 0 0 0 0
0 0 0 0 0 0 0 0 0 0 0 0 0 0 0 0 0 0 0 0 0 0 0 0 0 0 0 0
0 0 0 0 0 0 0 0 0 0 0 0 0 0 0 0 0 0 0 0 0 0 0 0 0 0 0 0
0 0 0 0 1 1 1 7 0 20 0 40 40 62 0 0 0 0 0 0 1 3 0 14 0 0 21 54
0 0 0 0 0 0 0 0 0 0 0 0 0 0 0 0 0 0 0 0 0 0 0 0 0 0 0 0
0 0 0 0 0 0 0 1 0 7 0 0 0 16 0 0 0 0 0 0 0 0 0 0 0 0 0 0
0 0 0 0 1 1 1 21 0 54 0 160 160 161 0 0 0 0 0 0 0 0 0 0 0 0 0 0
0 0 0 0 0 0 0 0 0 0 0 0 0 0 0 0 0 0 0 0 0 0 0 0 0 0 0 0
0 0 1 0 1 3 3 59 0 189 0 66 456 703 0 0 1 0 0 3 5 234 0 1160 0 5 301 3007
0 0 0 0 0 0 0 0 0 0 0 0 0 0 0 0 0 0 0 0 0 0 0 0 0 0 0 0
0 0 0 0 1 1 1 16 0 59 0 43 73 176 0 0 0 0 0 0 0 0 0 0 0 0 0 0
0 0 0 0 0 1 1 30 0 147 0 4 40 368 0 0 0 0 0 0 0 2 0 15 0 0 0 36
0 0 0 0 0 0 0 1 0 7 0 0 0 16 0 0 0 0 0 0 0 0 0 0 0 0 0 0
0 0 0 0 0 0 0 0 0 0 0 0 0 0 0 0 0 0 0 0 0 0 0 0 0 0 0 0
0 0 0 0 0 0 0 0 0 0 0 0 0 0 0 0 0 0 0 0 0 0 0 0 0 0 0 0
0 0 0 0 0 0 0 0 0 0 0 0 0 0 0 0 0 0 0 0 0 0 0 0 0 0 0 0
0 0 0 0 0 0 1 2 0 11 0 0 21 43 0 0 0 0 0 0 0 2 0 14 0 0 0 32
0 0 0 0 0 1 1 5 0 19 0 4 40 62 0 0 0 0 0 0 1 3 0 14 0 0 21 54
0 0 0 0 0 0 0 0 0 0 0 0 0 0 0 0 0 0 0 0 0 0 0 0 0 0 0 0
0 0 0 0 0 0 0 0 0 0 0 0 0 0 0 0 0 0 0 0 0 0 0 0 0 0 0 0
0 0 0 0 0 0 0 0 0 0 0 0 0 0 0 0 0 0 0 0 0 0 0 0 0 0 0 0
0 0 0 0 0 0 0 0 0 0 0 0 0 0 0 0 0 0 0 0 0 0 0 0 0 0 0 0
0 0 0 0 0 0 0 0 0 0 0 0 0 0 0 0 0 0 0 0 0 0 0 0 0 0 0 0
0 0 0 0 0 0 0 0 0 0 0 0 0 0 0 0 0 0 0 0 0 0 0 0 0 0 0 0
0 0 1 0 1 1 4 44 0 201 0 41 68 518 0 0 0 0 0 0 0 30 0 162 0 0 0 381
0 0 0 0 0 0 0 0 0 0 0 0 0 0 0 0 0 0 0 0 0 0 0 0 0 0 0 0
0 0 0 0 1 1 1 21 0 54 0 160 160 161 0 0 0 0 0 0 0 0 0 0 0 0 0 0
0 0 0 0 0 0 0 0 0 0 0 0 0 0 0 0 0 0 0 0 0 0 0 0 0 0 0 0
0 0 0 0 0 0 0 0 0 0 0 0 0 0 0 0 0 0 0 0 0 0 0 0 0 0 0 0
0 0 2 0 1 2 6 415 0 2128 0 70 267 5156 0 0 0 0 0 1 2 153 0 781 0 5 133 1945
0 0 0 0 1 1 1 13 0 25 30 40 61 85 0 0 1 0 1 1 3 33 0 81 0 127 231 297
0 0 2 0 0 0 6 148 0 766 0 0 90 1891 0 0 2 0 0 0 5 142 0 767 0 0 0 1795
1 0 1 1 4 5 6 177 0 429 143 456 551 1282 1 0 2 1 5 6 6 661 0 1749 101 1075 5418 6577
1 0 2 2 6 6 6 459 0 1444 237 609 1944 4897 1 0 3 3 5 7 10 1585 0 4129 517 6610 6663 12632
0 0 0 0 0 0 0 2 0 14 0 0 0 33 0 0 0 0 0 0 0 1 0 7 0 0 0 16
0 0 1 0 1 3 5 40 0 127 0 50 285 484 0 0 1 0 1 2 4 246 0 1195 0 94 341 3101
0 0 0 0 0 0 0 0 0 0 0 0 0 0 0 0 0 0 0 0 0 0 0 0 0 0 0 0
0 0 0 0 0 0 1 2 0 9 0 0 21 40 0 0 0 0 0 0 0 0 0 0 0 0 0 0
0 0 0 0 0 0 0 0 0 0 0 0 0 0 0 0 0 0 0 0 0 0 0 0 0 0 0 0
0 0 0 0 0 0 0 1 0 7 0 0 0 16 0 0 0 0 0 0 0 0 0 0 0 0 0 0
0 0 1 0 0 1 3 90 0 345 0 0 618 1324 0 0 0 0 0 0 0 0 0 0 0 0 0 0
0 0 0 0 0 0 0 0 0 0 0 0 0 0 0 0 0 0 0 0 0 0 0 0 0 0 0 0
0 0 0 0 0 0 0 0 0 0 0 0 0 0 0 0 0 0 0 0 0 0 0 0 0 0 0 0
0 0 0 0 0 0 0 0 0 0 0 0 0 0 0 0 0 0 0 0 0 0 0 0 0 0 0 0
0 0 0 0 0 1 1 5 0 19 0 4 40 62 0 0 0 0 0 0 1 3 0 14 0 0 21 54
0 0 0 0 0 0 1 2 0 9 0 0 21 40 0 0 0 0 0 0 0 0 0 0 0 0 0 0
0 0 0 0 0 1 1 12 0 40 0 4 105 160 0 0 0 0 0 0 0 2 0 15 0 0 0 35
0 0 0 0 0 0 1 10 0 40 0 0 88 161 0 0 0 0 0 0 0 0 0 0 0 0 0 0
0 0 0 0 0 0 0 0 0 0 0 0 0 0 0 0 0 0 0 0 0 0 0 0 0 0 0 0
0 0 0 0 0 0 0 0 0 0 0 0 0 0 0 0 0 0 0 0 0 0 0 0 0 0 0 0
0 0 0 0 0 0 0 1 0 7 0 0 0 16 0 0 0 0 0 0 0 0 0 0 0 0 0 0
0 0 1 0 1 2 5 133 0 506 0 97 596 1622 0 0 0 0 0 0 0 0 0 0 0 0 0 0
0 0 0 0 0 0 1 2 0 9 0 0 21 40 0 0 0 0 0 0 0 0 0 0 0 0 0 0
0 0 0 0 0 0 0 0 0 0 0 0 0 0 0 0 0 0 0 0 0 0 0 0 0 0 0 0
0 0 0 0 0 0 0 0 0 0 0 0 0 0 0 0 0 0 0 0 0 0 0 0 0 0 0 0
0 0 0 0 0 0 0 0 0 0 0 0 0 0 0 0 0 0 0 0 0 0 0 0 0 0 0 0
0 0 0 0 0 0 1 2 0 9 0 0 21 40 0 0 0 0 0 0 0 0 0 0 0 0 0 0
0 0 0 0 0 0 0 2 0 12 0 0 0 29 0 0 0 0 0 0 0 0 0 0 0 0 0 0
0 0 0 0 1 1 1 8 0 22 0 40 57 80 0 0 0 0 0 0 1 3 0 14 0 0 21 54
0 0 0 0 0 0 0 0 0 0 0 0 0 0 0 0 0 0 0 0 0 0 0 0 0 0 0 0
0 0 0 0 0 0 0 0 0 0 0 0 0 0 0 0 0 0 0 0 0 0 0 0 0 0 0 0
0 0 0 0 0 0 0 0 0 0 0 0 0 0 0 0 0 0 0 0 0 0 0 0 0 0 0 0
0 0 0 0 0 0 0 0 0 0 0 0 0 0 0 0 0 0 0 0 0 0 0 0 0 0 0 0
0 0 0 0 0 0 0 0 0 0 0 0 0 0 0 0 0 0 0 0 0 0 0 0 0 0 0 0
0 0 0 0 0 0 0 1 0 7 0 0 0 16 0 0 0 0 0 0 0 0 0 0 0 0 0 0
0 0 0 0 0 0 1 2 0 9 0 0 21 40 0 0 0 0 0 0 0 0 0 0 0 0 0 0
0 0 0 0 0 0 0 0 0 0 0 0 0 0 0 0 0 0 0 0 0 0 0 0 0 0 0 0
0 0 0 0 1 1 1 21 0 54 0 160 160 161 0 0 0 0 0 0 0 0 0 0 0 0 0 0
0 0 0 0 0 0 0 0 0 0 0 0 0 0 0 0 0 0 0 0 0 0 0 0 0 0 0 0
0 0 0 0 1 2 2 10 0 25 0 44 80 80 0 0 0 0 1 1 1 5 0 13 0 40 40 40
0 0 0 0 1 1 1 6 0 18 0 40 40 56 0 0 0 0 1 1 1 12 0 37 0 44 82 123
0 0 0 0 0 1 1 4 0 12 0 4 40 40 0 0 0 0 0 0 0 0 0 0 0 0 0 0
0 0 0 0 1 1 1 8 0 23 0 40 61 85 0 0 0 0 1 1 1 7 0 21 0 40 58 76
0 0 0 0 0 0 0 0 0 0 0 0 0 0 0 0 0 0 0 0 0 0 0 0 0 0 0 0
0 0 0 0 0 0 0 0 0 0 0 0 0 0 0 0 0 0 0 0 0 0 0 0 0 0 0 0
0 0 0 0 0 0 0 0 0 0 0 0 0 0 0 0 0 0 0 0 0 0 0 0 0 0 0 0
0 0 0 0 0 0 0 0 0 0 0 0 0 0 0 0 0 0 0 0 0 0 0 0 0 0 0 0
0 0 0 0 0 0 1 2 0 9 0 0 21 40 0 0 0 0 0 0 0 0 0 0 0 0 0 0
0 0 0 0 0 0 0 0 0 0 0 0 0 0 0 0 0 0 0 0 0 0 0 0 0 0 0 0
0 0 0 0 0 0 0 1 0 7 0 0 0 16 0 0 0 0 0 0 0 0 0 0 0 0 0 0
0 0 0 0 0 0 0 0 0 0 0 0 0 0 0 0 0 0 0 0 0 0 0 0 0 0 0 0
0 0 0 0 0 0 0 0 0 0 0 0 0 0 0 0 0 0 0 0 0 0 0 0 0 0 0 0
0 0 0 0 0 0 0 0 0 0 0 0 0 0 0 0 0 0 0 0 0 0 0 0 0 0 0 0
0 0 0 0 0 0 0 1 0 7 0 0 0 16 0 0 0 0 0 0 0 0 0 0 0 0 0 0
0 0 0 0 0 0 0 1 0 7 0 0 0 16 0 0 0 0 0 0 0 0 0 0 0 0 0 0
0 0 0 0 0 1 1 5 0 19 0 4 40 62 0 0 0 0 0 0 1 3 0 14 0 0 21 54
0 0 0 0 0 0 0 0 0 0 0 0 0 0 0 0 0 0 0 0 0 0 0 0 0 0 0 0
0 0 0 0 1 1 1 21 0 54 0 160 160 161 0 0 0 0 0 0 0 0 0 0 0 0 0 0
0 0 0 0 0 0 0 0 0 0 0 0 0 0 0 0 0 0 0 0 0 0 0 0 0 0 0 0
0 0 0 0 0 0 1 2 0 9 0 0 21 40 0 0 0 0 0 0 0 0 0 0 0 0 0 0
0 0 0 0 0 0 0 1 0 7 0 0 0 16 0 0 0 0 0 0 0 0 0 0 0 0 0 0
0 0 0 0 1 1 2 42 0 156 0 73 208 530 0 0 0 0 0 0 0 0 0 0 0 0 0 0
0 0 0 0 0 0 0 0 0 0 0 0 0 0 0 0 0 0 0 0 0 0 0 0 0 0 0 0
0 0 0 0 0 0 0 0 0 0 0 0 0 0 0 0 0 0 0 0 0 0 0 0 0 0 0 0
0 0 0 0 0 0 0 0 0 0 0 0 0 0 0 0 0 0 0 0 0 0 0 0 0 0 0 0
0 0 0 0 0 0 0 0 0 0 0 0 0 0 0 0 0 0 0 0 0 0 0 0 0 0 0 0
0 0 0 0 0 0 0 0 0 0 0 0 0 0 0 0 0 0 0 0 0 0 0 0 0 0 0 0
0 0 0 0 0 0 0 0 0 0 0 0 0 0 0 0 0 0 0 0 0 0 0 0 0 0 0 0
0 0 0 0 0 1 1 4 0 12 0 4 40 40 0 0 0 0 0 0 0 0 0 0 0 0 0 0
0 0 0 0 0 0 1 4 0 18 0 0 21 62 0 0 0 0 0 0 1 3 0 14 0 0 21 54
0 0 0 0 0 0 0 0 0 0 0 0 0 0 0 0 0 0 0 0 0 0 0 0 0 0 0 0
0 0 0 0 0 0 0 1 0 7 0 0 0 16 0 0 0 0 0 0 0 2 0 13 0 0 0 32
0 0 0 0 0 0 0 0 0 0 0 0 0 0 0 0 0 0 0 0 0 0 0 0 0 0 0 0
0 0 0 0 0 0 1 8 0 36 0 0 21 107 0 0 0 0 0 0 0 0 0 0 0 0 0 0
0 0 0 0 0 0 0 0 0 0 0 0 0 0 0 0 0 0 0 0 0 0 0 0 0 0 0 0
0 0 0 0 0 1 1 9 0 36 0 4 40 107 0 0 0 0 0 0 0 0 0 0 0 0 0 0
0 0 0 0 0 0 0 6 0 35 0 0 0 83 0 0 0 0 0 0 0 0 0 0 0 0 0 0
0 0 1 0 0 0 5 25 0 108 0 0 87 340 0 0 1 0 0 0 4 19 0 105 0 0 0 247
0 0 0 0 1 1 1 22 0 58 0 160 161 177 0 0 0 0 0 0 0 0 0 0 0 0 0 0
0 0 0 0 0 0 0 0 0 0 0 0 0 0 0 0 0 0 0 0 0 0 0 0 0 0 0 0
0 0 0 0 0 1 1 9 0 36 0 4 40 107 0 0 0 0 0 0 0 0 0 0 0 0 0 0
0 0 0 0 0 0 0 6 0 35 0 0 0 83 0 0 0 0 0 0 0 0 0 0 0 0 0 0
0 0 0 0 0 0 0 1 0 7 0 0 0 16 0 0 0 0 0 0 0 0 0 0 0 0 0 0
0 0 0 0 0 1 1 11 0 39 0 4 69 138 0 0 0 0 0 0 1 3 0 14 0 0 21 54
0 0 0 0 0 0 0 0 0 0 0 0 0 0 0 0 0 0 0 0 0 0 0 0 0 0 0 0
0 0 1 0 1 4 6 180 0 604 0 213 1228 2320 0 0 1 0 1 3 7 347 0 1276 0 56 2782 5098
0 0 0 0 0 0 1 8 0 36 0 0 21 107 0 0 0 0 0 0 0 0 0 0 0 0 0 0
0 0 0 0 0 0 1 2 0 9 0 0 21 40 0 0 0 0 0 0 1 6 0 23 0 0 43 89
0 0 0 0 0 0 0 6 0 35 0 0 0 83 0 0 0 0 0 0 0 2 0 11 0 0 0 26
0 0 0 0 0 1 1 4 0 12 0 4 40 40 0 0 0 0 0 0 0 0 0 0 0 0 0 0
0 0 0 0 0 0 0 6 0 35 0 0 0 83 0 0 0 0 0 0 0 0 0 0 0 0 0 0
0 0 0 0 0 0 0 6 0 35 0 0 0 83 0 0 0 0 0 0 0 0 0 0 0 0 0 0
0 0 0 0 0 0 0 0 0 0 0 0 0 0 0 0 0 0 0 0 0 0 0 0 0 0 0 0
0 0 0 0 0 0 0 6 0 35 0 0 0 83 0 0 0 0 0 0 0 0 0 0 0 0 0 0
0 0 0 0 0 0 0 1 0 7 0 0 0 16 0 0 0 0 0 0 0 1 0 7 0 0 0 16
0 0 0 0 1 1 1 10 0 37 0 40 40 107 0 0 0 0 0 0 0 0 0 0 0 0 0 0
0 0 0 0 0 0 0 6 0 35 0 0 0 83 0 0 0 0 0 0 0 0 0 0 0 0 0 0
0 0 0 0 0 0 1 4 0 18 0 0 21 62 0 0 0 0 0 0 1 3 0 14 0 0 21 54
0 0 0 0 1 1 1 29 0 63 0 160 161 177 0 0 0 0 0 0 0 0 0 0 0 0 0 0
0 0 1 0 1 3 4 172 0 634 0 54 1117 2378 0 0 1 0 1 3 6 184 0 891 0 41 261 2338
0 0 0 0 1 1 1 10 0 37 0 40 40 107 0 0 0 0 0 0 1 6 0 23 0 0 43 89
0 0 0 0 1 1 2 52 0 158 0 85 265 530 0 0 0 0 0 0 0 0 0 0 0 0 0 0
0 0 0 0 0 0 0 0 0 0 0 0 0 0 0 0 0 0 0 0 0 0 0 0 0 0 0 0
0 0 0 0 0 0 0 6 0 35 0 0 0 83 0 0 0 0 0 0 0 0 0 0 0 0 0 0
0 0 0 0 0 0 0 1 0 7 0 0 0 17 0 0 0 0 0 0 0 1 0 9 0 0 0 21
0 0 0 0 0 0 0 6 0 35 0 0 0 83 0 0 0 0 0 0 0 0 0 0 0 0 0 0
0 0 0 0 0 0 1 9 0 43 0 0 21 123 0 0 0 0 0 0 0 0 0 0 0 0 0 0
0 0 0 0 0 0 0 1 0 7 0 0 0 16 0 0 0 0 0 0 0 0 0 0 0 0 0 0
0 0 0 0 0 0 0 6 0 35 0 0 0 83 0 0 0 0 0 0 0 0 0 0 0 0 0 0
0 0 0 0 0 0 0 1 0 7 0 0 0 16 0 0 0 0 0 0 0 1 0 7 0 0 0 16
0 0 0 0 0 1 1 11 0 39 0 4 69 138 0 0 0 0 0 0 1 3 0 14 0 0 21 54
0 0 0 0 0 0 1 9 0 38 0 0 43 130 0 0 0 0 0 0 0 0 0 0 0 0 0 0
0 0 0 0 0 0 0 0 0 0 0 0 0 0 0 0 0 0 0 0 0 0 0 0 0 0 0 0
0 0 0 0 0 0 0 6 0 35 0 0 0 83 0 0 0 0 0 0 0 0 0 0 0 0 0 0
0 0 0 0 0 0 0 1 0 7 0 0 0 16 0 0 0 0 0 0 0 0 0 0 0 0 0 0
0 0 0 0 0 1 1 9 0 36 0 4 40 107 0 0 0 0 0 0 0 0 0 0 0 0 0 0
0 0 0 0 0 0 1 8 0 36 0 0 21 107 0 0 0 0 0 0 0 3 0 16 0 0 0 39
0 0 0 0 0 0 0 0 0 0 0 0 0 0 0 0 0 0 0 0 0 0 0 0 0 0 0 0
0 0 0 0 1 1 1 28 0 63 0 160 161 177 0 0 0 0 0 0 0 0 0 0 0 0 0 0
0 0 0 0 0 0 0 0 0 0 0 0 0 0 0 0 0 0 0 0 0 0 0 0 0 0 0 0
0 0 0 0 0 0 1 8 0 36 0 0 21 107 0 0 0 0 0 0 0 0 0 0 0 0 0 0
0 0 0 0 0 0 0 6 0 35 0 0 0 83 0 0 0 0 0 0 0 0 0 0 0 0 0 0
0 0 0 0 0 0 0 1 0 8 0 0 0 20 0 0 0 0 0 0 0 0 0 0 0 0 0 0
0 0 0 0 0 0 0 6 0 35 0 0 0 83 0 0 0 0 0 0 0 0 0 0 0 0 0 0
0 0 0 0 0 0 1 4 0 18 0 0 21 62 0 0 0 0 0 0 1 3 0 14 0 0 21 54
0 0 0 0 0 0 0 6 0 35 0 0 0 83 0 0 0 0 0 0 0 0 0 0 0 0 0 0
0 0 0 0 0 0 0 6 0 35 0 0 0 83 0 0 0 0 0 0 0 0 0 0 0 0 0 0
0 0 0 0 0 0 1 2 0 9 0 0 21 40 0 0 0 0 0 0 0 0 0 0 0 0 0 0
0 0 0 0 0 1 1 11 0 39 0 7 71 125 0 0 0 0 0 0 0 0 0 0 0 0 0 0
0 0 0 0 0 0 0 1 0 7 0 0 0 16 0 0 0 0 0 0 0 0 0 0 0 0 0 0
0 0 0 0 0 0 0 6 0 35 0 0 0 83 0 0 0 0 0 0 0 0 0 0 0 0 0 0
0 0 0 0 0 0 0 6 0 35 0 0 0 83 0 0 0 0 0 0 0 0 0 0 0 0 0 0
0 0 0 0 0 0 0 0 0 0 0 0 0 0 0 0 0 0 0 0 0 0 0 0 0 0 0 0
0 0 0 0 0 0 0 6 0 35 0 0 0 83 0 0 0 0 0 0 0 0 0 0 0 0 0 0
0 0 0 0 0 0 1 2 0 9 0 0 21 40 0 0 0 0 0 0 0 0 0 0 0 0 0 0
0 0 0 0 0 0 1 8 0 36 0 0 21 107 0 0 0 0 0 0 0 0 0 0 0 0 0 0
0 0 0 0 0 0 0 6 0 35 0 0 0 83 0 0 0 0 0 0 0 0 0 0 0 0 0 0
0 0 0 0 0 0 0 0 0 0 0 0 0 0 0 0 0 0 0 0 0 0 0 0 0 0 0 0
0 0 0 0 0 0 1 11 0 45 0 0 51 155 0 0 0 0 0 0 1 3 0 14 0 0 21 54
0 0 0 0 1 1 1 21 0 54 0 160 160 161 0 0 0 0 0 0 0 0 0 0 0 0 0 0
0 0 0 0 0 0 1 8 0 36 0 0 21 107 0 0 0 0 0 0 0 0 0 0 0 0 0 0
0 0 0 0 1 1 1 21 0 67 0 43 142 249 0 0 0 0 0 0 0 0 0 0 0 0 0 0
0 0 0 0 0 1 1 31 0 147 0 4 58 387 0 0 0 0 0 0 0 0 0 0 0 0 0 0
0 0 0 0 0 0 0 6 0 35 0 0 0 83 0 0 0 0 0 0 0 0 0 0 0 0 0 0
0 0 0 0 0 0 0 0 0 0 0 0 0 0 0 0 0 0 0 0 0 0 0 0 0 0 0 0
0 0 0 0 0 0 0 6 0 35 0 0 0 83 0 0 0 0 0 0 0 0 0 0 0 0 0 0
0 0 0 0 0 0 0 6 0 35 0 0 0 83 0 0 0 0 0 0 0 0 0 0 0 0 0 0
0 0 0 0 0 0 1 2 0 9 0 0 21 40 0 0 0 0 0 0 0 0 0 0 0 0 0 0
0 0 0 0 0 0 1 8 0 36 0 0 21 107 0 0 0 0 0 0 0 0 0 0 0 0 0 0
0 0 0 0 0 0 0 0 0 0 0 0 0 0 0 0 0 0 0 0 0 0 0 0 0 0 0 0
0 0 0 0 0 0 0 6 0 35 0 0 0 83 0 0 0 0 0 0 0 0 0 0 0 0 0 0
0 0 0 0 0 0 0 6 0 35 0 0 0 83 0 0 0 0 0 0 0 0 0 0 0 0 0 0
0 0 0 0 0 0 1 4 0 18 0 0 21 62 0 0 0 0 0 0 1 3 0 14 0 0 21 54
0 0 1 0 1 3 6 178 0 755 0 214 436 2059 0 0 1 0 2 4 5 300 0 871 0 553 2715 3058
0 0 0 0 0 0 0 1 0 7 0 0 0 16 0 0 0 0 0 0 0 0 0 0 0 0 0 0
0 0 0 0 0 0 0 6 0 35 0 0 0 83 0 0 0 0 0 0 0 0 0 0 0 0 0 0
0 0 4 0 0 0 11 36 0 164 0 0 109 493 0 0 3 0 0 5 12 30 0 114 0 0 197 435
0 0 0 0 0 0 0 0 0 0 0 0 0 0 0 0 0 0 0 0 0 0 0 0 0 0 0 0
0 0 0 0 0 0 0 6 0 35 0 0 0 83 0 0 0 0 0 0 0 0 0 0 0 0 0 0
0 0 0 0 1 1 1 22 0 54 0 160 160 161 0 0 0 0 0 0 0 0 0 0 0 0 0 0
0 0 0 0 0 0 1 9 0 43 0 0 21 123 0 0 0 0 0 0 0 0 0 0 0 0 0 0
0 0 0 0 0 0 0 6 0 35 0 0 0 83 0 0 0 0 0 0 0 0 0 0 0 0 0 0
0 0 0 0 0 0 0 0 0 0 0 0 0 0 0 0 0 0 0 0 0 0 0 0 0 0 0 0
0 0 0 0 0 0 0 6 0 35 0 0 0 83 0 0 0 0 0 0 0 0 0 0 0 0 0 0
0 0 0 0 0 0 0 0 0 0 0 0 0 0 0 0 0 0 0 0 0 0 0 0 0 0 0 0
0 0 0 0 1 1 1 12 0 39 0 40 69 138 0 0 0 0 0 1 1 6 0 21 0 4 58 80
0 0 0 0 0 0 1 9 0 43 0 0 21 123 0 0 0 0 0 0 0 0 0 0 0 0 0 0
0 0 0 0 0 0 0 0 0 0 0 0 0 0 0 0 0 0 0 0 0 0 0 0 0 0 0 0
0 0 0 0 0 0 1 8 0 36 0 0 21 107 0 0 0 0 0 0 0 0 0 0 0 0 0 0
0 0 0 0 0 0 0 0 0 0 0 0 0 0 0 0 0 0 0 0 0 0 0 0 0 0 0 0
0 0 0 0 0 0 0 6 0 35 0 0 0 83 0 0 0 0 0 0 0 0 0 0 0 0 0 0
0 0 0 0 0 0 0 6 0 35 0 0 0 83 0 0 0 0 0 0 0 0 0 0 0 0 0 0
0 0 0 0 0 0 0 0 0 0 0 0 0 0 0 0 0 0 0 0 0 0 0 0 0 0 0 0
0 0 0 0 0 0 0 6 0 35 0 0 0 83 0 0 0 0 0 0 0 0 0 0 0 0 0 0
0 0 0 0 0 0 1 2 0 9 0 0 21 40 0 0 0 0 0 0 0 0 0 0 0 0 0 0
0 0 0 0 0 0 1 8 0 36 0 0 21 107 0 0 0 0 0 0 0 0 0 0 0 0 0 0
0 0 0 0 0 0 0 6 0 35 0 0 0 83 0 0 0 0 0 0 0 0 0 0 0 0 0 0
0 0 0 0 0 0 0 0 0 0 0 0 0 0 0 0 0 0 0 0 0 0 0 0 0 0 0 0
0 0 0 0 0 0 0 6 0 35 0 0 0 83 0 0 0 0 0 0 0 0 0 0 0 0 0 0
0 0 0 0 1 1 1 25 0 55 0 160 160 161 0 0 0 0 0 0 1 3 0 14 0 0 21 54
0 0 0 0 0 0 0 8 0 44 0 0 0 104 0 0 0 0 0 0 0 0 0 0 0 0 0 0
0 0 0 0 0 0 0 6 0 35 0 0 0 83 0 0 0 0 0 0 0 0 0 0 0 0 0 0
0 0 0 0 1 1 2 44 0 156 0 73 208 530 0 0 0 0 0 0 0 0 0 0 0 0 0 0
0 0 0 0 0 0 0 6 0 35 0 0 0 83 0 0 0 0 0 0 0 0 0 0 0 0 0 0
0 0 0 0 0 0 0 0 0 0 0 0 0 0 0 0 0 0 0 0 0 0 0 0 0 0 0 0
0 0 0 0 0 0 0 6 0 35 0 0 0 83 0 0 0 0 0 0 0 0 0 0 0 0 0 0
0 0 0 0 0 0 1 8 0 36 0 0 21 107 0 0 0 0 0 0 0 0 0 0 0 0 0 0
0 0 0 0 0 0 0 0 0 0 0 0 0 0 0 0 0 0 0 0 0 0 0 0 0 0 0 0
0 0 0 0 0 0 1 8 0 36 0 0 21 107 0 0 0 0 0 0 0 0 0 0 0 0 0 0
0 0 0 0 0 0 0 1 0 7 0 0 0 16 0 0 0 0 0 0 0 0 0 0 0 0 0 0
0 0 0 0 0 0 0 6 0 35 0 0 0 83 0 0 0 0 0 0 0 0 0 0 0 0 0 0
0 0 0 0 0 0 0 6 0 35 0 0 0 83 0 0 0 0 0 0 0 0 0 0 0 0 0 0
0 0 0 0 0 0 0 0 0 0 0 0 0 0 0 0 0 0 0 0 0 0 0 0 0 0 0 0
0 0 0 0 0 1 1 11 0 39 0 4 69 138 0 0 0 0 0 0 1 3 0 14 0 0 21 54
0 0 0 0 0 0 0 0 0 0 0 0 0 0 0 0 0 0 0 0 0 0 0 0 0 0 0 0
0 0 0 0 0 1 1 9 0 37 0 4 44 111 0 0 0 0 0 0 0 0 0 0 0 0 0 0
1 0 2 0 4 7 9 221 0 553 0 493 1611 2116 2 0 7 0 8 12 25 2591 0 10739 0 1049 10053 34176
0 0 1 0 0 1 3 90 0 374 0 0 415 1265 0 0 0 0 0 0 0 0 0 0 0 0 0 0
0 0 0 0 0 0 0 6 0 35 0 0 0 83 0 0 0 0 0 0 0 0 0 0 0 0 0 0
0 0 1 1 2 3 4 208 0 668 49 342 918 2165 0 0 1 0 2 5 6 504 0 1631 0 661 3898 6559
0 0 0 0 1 1 1 29 0 78 0 160 161 244 0 0 0 0 0 0 0 0 0 0 0 0 0 0
0 0 0 0 0 0 1 8 0 36 0 0 21 107 0 0 0 0 0 0 0 0 0 0 0 0 0 0
0 0 0 0 0 0 0 0 0 0 0 0 0 0 0 0 0 0 0 0 0 0 0 0 0 0 0 0
0 0 0 0 0 0 0 6 0 35 0 0 0 83 0 0 0 0 0 0 0 0 0 0 0 0 0 0
0 0 0 0 0 0 0 0 0 0 0 0 0 0 0 0 0 0 0 0 0 0 0 0 0 0 0 0
0 0 0 0 0 0 0 6 0 35 0 0 0 83 0 0 0 0 0 0 0 0 0 0 0 0 0 0
0 0 0 0 0 0 1 9 0 43 0 0 21 123 0 0 0 0 0 0 0 0 0 0 0 0 0 0
0 0 0 0 0 1 1 5 0 19 0 4 40 62 0 0 0 0 0 0 1 3 0 14 0 0 21 54
0 0 0 0 0 0 0 6 0 35 0 0 0 83 0 0 0 0 0 0 0 0 0 0 0 0 0 0
0 0 0 0 0 0 0 0 0 0 0 0 0 0 0 0 0 0 0 0 0 0 0 0 0 0 0 0
0 0 0 0 0 0 0 6 0 35 0 0 0 83 0 0 0 0 0 0 0 0 0 0 0 0 0 0
0 0 0 0 0 1 1 13 0 44 0 4 101 171 0 0 0 0 0 0 1 4 0 16 0 0 28 63
0 0 0 0 0 0 0 0 0 0 0 0 0 0 0 0 0 0 0 0 0 0 0 0 0 0 0 0
0 0 0 0 0 0 1 8 0 36 0 0 21 107 0 0 0 0 0 0 0 0 0 0 0 0 0 0
0 0 1 0 1 2 4 58 0 229 0 44 226 724 0 0 1 0 1 2 3 160 0 734 0 58 361 2037
0 0 0 0 0 0 1 8 0 36 0 0 21 107 0 0 0 0 0 0 0 0 0 0 0 0 0 0
0 0 1 1 3 3 3 75 0 155 111 203 266 495 0 0 0 0 0 0 0 0 0 0 0 0 0 0
1 1 2 1 4 5 7 151 40 224 219 519 646 684 0 0 0 0 0 0 2 15 0 81 0 0 0 190
0 0 0 1 2 2 2 165 0 230 297 405 613 790 0 0 0 0 0 0 0 0 0 0 0 0 0 0
0 0 1 1 1 2 3 80 0 163 90 207 322 538 0 0 0 0 0 0 0 0 0 0 0 0 0 0
0 0 1 1 3 3 4 105 0 171 160 355 429 566 0 0 0 0 0 0 1 3 0 14 0 0 21 54
0 0 0 0 1 1 1 29 0 60 0 153 174 195 0 0 0 0 0 0 0 0 0 0 0 0 0 0
0 0 0 0 1 1 2 54 0 181 30 73 208 594 0 0 0 0 0 0 0 0 0 0 0 0 0 0
0 0 0 0 1 1 1 45 0 133 0 153 178 413 0 0 0 0 0 0 0 0 0 0 0 0 0 0
0 0 0 0 0 0 1 7 0 30 0 0 40 106 0 0 0 0 0 0 0 0 0 0 0 0 0 0
0 0 0 0 1 1 1 29 0 64 0 153 178 211 0 0 0 0 0 0 0 0 0 0 0 0 0 0
0 0 0 0 1 1 1 16 0 45 0 44 116 172 0 0 0 0 0 0 0 1 0 9 0 0 0 21
0 0 0 0 1 1 1 18 0 41 0 73 116 153 0 0 0 0 0 0 0 0 0 0 0 0 0 0
0 0 0 0 1 1 1 40 0 132 0 81 178 413 0 0 0 0 0 0 0 0 0 0 0 0 0 0
0 0 0 0 1 1 1 19 0 43 0 73 116 153 0 0 0 0 0 0 0 0 0 0 0 0 0 0
0 0 0 0 0 1 1 14 0 45 0 7 116 172 0 0 0 0 0 0 0 0 0 0 0 0 0 0
0 0 0 0 1 1 1 21 0 52 0 81 153 172 0 0 0 0 0 0 0 0 0 0 0 0 0 0
0 0 0 0 0 1 1 11 0 36 0 7 98 133 0 0 0 0 0 0 0 3 0 18 0 0 0 43
0 0 0 0 1 1 1 25 0 56 0 81 174 195 0 0 0 0 0 0 0 2 0 14 0 0 0 33
0 0 0 0 1 1 1 12 0 34 0 43 84 118 0 0 0 0 0 0 1 3 0 14 0 0 21 54
0 0 0 0 1 1 2 28 0 57 30 117 174 195 0 0 0 0 0 0 0 1 0 7 0 0 0 16
0 0 0 0 0 0 1 9 0 38 0 0 43 130 0 0 0 0 0 0 1 4 0 25 0 0 0 60
0 0 0 0 0 0 0 0 0 0 0 0 0 0 0 0 0 0 0 0 0 0 0 0 0 0 0 0
0 0 0 0 0 0 0 6 0 35 0 0 0 83 0 0 0 0 0 0 0 0 0 0 0 0 0 0
0 0 0 0 0 0 1 24 0 123 0 0 21 311 0 0 0 0 0 0 0 0 0 0 0 0 0 0
0 0 0 0 1 1 1 26 0 57 0 160 160 177 0 0 0 0 0 0 0 0 0 0 0 0 0 0
0 0 0 0 0 1 1 13 0 45 0 4 106 177 0 0 0 0 0 0 0 0 0 0 0 0 0 0
0 0 0 0 0 0 0 1 0 7 0 0 0 16 0 0 0 0 0 0 0 0 0 0 0 0 0 0
0 0 0 0 0 0 0 6 0 35 0 0 0 83 0 0 0 0 0 0 0 0 0 0 0 0 0 0
0 0 0 0 0 0 0 0 0 0 0 0 0 0 0 0 0 0 0 0 0 0 0 0 0 0 0 0
0 0 0 0 0 0 0 6 0 35 0 0 0 83 0 0 0 0 0 0 0 0 0 0 0 0 0 0
0 0 0 0 0 0 0 6 0 35 0 0 0 83 0 0 0 0 0 0 0 0 0 0 0 0 0 0
0 0 0 0 0 1 1 4 0 12 0 4 40 40 0 0 0 0 0 0 0 0 0 0 0 0 0 0
0 0 0 0 1 1 1 15 0 40 0 40 69 138 0 0 0 0 0 0 1 3 0 14 0 0 21 54
0 0 0 0 0 0 1 38 0 143 0 0 316 576 0 0 0 0 0 0 0 0 0 0 0 0 0 0
1 0 2 1 3 3 5 105 0 184 200 288 446 648 0 0 0 0 0 0 0 0 0 0 0 0 0 0
0 0 0 0 2 2 2 44 0 84 54 157 204 265 0 0 0 0 0 0 0 0 0 0 0 0 0 0
0 0 0 0 1 1 2 31 0 75 0 198 211 240 0 0 0 0 0 0 0 0 0 0 0 0 0 0
0 0 1 1 2 2 3 49 0 101 40 157 214 328 0 0 0 0 0 0 0 0 0 0 0 0 0 0
0 0 0 0 0 1 2 13 0 46 0 4 92 173 0 0 0 0 0 0 0 0 0 0 0 0 0 0
0 0 0 0 1 1 2 24 0 63 0 81 193 231 0 0 0 0 0 0 0 0 0 0 0 0 0 0
0 0 0 0 0 1 1 15 0 53 0 4 127 210 0 0 0 0 0 0 0 0 0 0 0 0 0 0
0 0 0 0 0 1 2 21 0 65 0 15 193 241 0 0 0 0 0 0 0 0 0 0 0 0 0 0
0 0 0 0 0 1 1 14 0 45 0 7 116 171 0 0 0 0 0 0 0 0 0 0 0 0 0 0
0 0 0 1 1 1 1 38 0 72 40 198 198 209 0 0 0 0 0 0 0 0 0 0 0 0 0 0
0 0 0 0 1 1 1 39 0 131 0 56 214 419 0 0 0 0 0 0 0 0 0 0 0 0 0 0
0 0 0 1 1 1 2 48 0 83 66 164 214 262 0 0 0 0 0 0 0 0 0 0 0 0 0 0
0 0 0 0 1 2 2 56 0 158 30 107 277 530 0 0 0 0 0 0 1 3 0 14 0 0 21 54
0 0 0 0 1 1 1 21 0 59 0 81 178 210 0 0 0 0 0 0 0 0 0 0 0 0 0 0
0 0 1 0 1 3 3 107 0 364 0 156 590 1310 0 0 1 0 1 3 5 180 0 884 0 41 239 2298
0 0 1 1 1 3 3 123 0 372 67 187 589 1329 0 0 1 0 1 2 4 178 0 884 0 41 205 2262
0 0 0 0 1 1 1 19 0 46 0 43 116 172 0 0 0 0 0 0 1 6 0 23 0 0 43 89
0 0 0 0 1 1 2 23 0 43 30 80 120 153 0 0 0 0 0 0 1 6 0 23 0 0 43 89
0 0 1 0 3 4 5 162 0 511 0 312 993 1830 0 0 1 0 2 3 4 177 0 791 0 203 361 2062
0 0 0 0 1 1 1 16 0 41 0 73 116 153 0 0 0 0 0 0 0 0 0 0 0 0 0 0
0 0 0 0 0 0 0 6 0 35 0 0 0 83 0 0 0 0 0 0 0 0 0 0 0 0 0 0
0 0 0 0 0 0 1 9 0 37 0 0 39 125 0 0 0 0 0 0 0 0 0 0 0 0 0 0
0 0 1 0 3 4 5 195 0 517 0 638 1425 1961 0 0 1 0 1 3 5 183 0 884 0 57 262 2298
0 0 0 0 1 1 1 12 0 38 0 40 50 114 0 0 0 0 0 0 0 1 0 9 0 0 0 21
0 0 0 0 1 1 1 6 0 14 0 40 40 40 0 0 0 0 0 0 1 6 0 23 0 0 43 89
0 0 0 0 1 1 2 20 0 56 0 52 181 195 0 0 0 0 0 0 1 3 0 14 0 0 21 54
0 0 0 0 0 0 0 6 0 35 0 0 0 83 0 0 0 0 0 0 0 0 0 0 0 0 0 0
0 0 0 0 0 0 0 0 0 0 0 0 0 0 0 0 0 0 0 0 0 0 0 0 0 0 0 0
0 0 0 0 0 0 0 6 0 35 0 0 0 83 0 0 0 0 0 0 0 0 0 0 0 0 0 0
0 0 0 0 0 0 0 2 0 14 0 0 0 33 0 0 0 0 0 0 0 0 0 0 0 0 0 0
0 0 0 0 1 1 1 10 0 37 0 40 40 107 0 0 0 0 0 0 0 0 0 0 0 0 0 0
0 0 0 0 1 1 2 34 0 67 0 160 161 194 0 0 0 0 0 0 1 8 0 32 0 0 45 116
0 0 0 0 0 1 1 4 0 12 0 4 40 40 0 0 0 0 0 0 0 0 0 0 0 0 0 0
0 0 0 0 0 0 0 6 0 35 0 0 0 83 0 0 0 0 0 0 0 0 0 0 0 0 0 0
0 0 0 0 0 0 0 0 0 0 0 0 0 0 0 0 0 0 0 0 0 0 0 0 0 0 0 0
0 0 0 0 0 0 0 6 0 35 0 0 0 83 0 0 0 0 0 0 0 0 0 0 0 0 0 0
0 0 0 0 1 1 1 22 0 59 0 55 198 198 0 0 0 0 0 0 0 0 0 0 0 0 0 0
0 0 0 0 1 2 2 28 0 74 0 142 219 252 0 0 0 0 0 0 0 0 0 0 0 0 0 0
0 0 0 0 1 1 2 21 0 60 0 44 145 230 0 0 0 0 0 0 0 0 0 0 0 0 0 0
0 0 0 0 0 1 1 6 0 19 0 4 44 67 0 0 0 0 0 0 1 3 0 14 0 0 21 54
0 0 0 0 0 0 0 6 0 35 0 0 0 83 0 0 0 0 0 0 0 0 0 0 0 0 0 0
0 0 0 0 0 0 1 9 0 37 0 0 39 125 0 0 0 0 0 0 0 0 0 0 0 0 0 0
0 0 0 0 0 0 0 0 0 0 0 0 0 0 0 0 0 0 0 0 0 0 0 0 0 0 0 0
0 0 0 0 1 1 1 12 0 37 0 40 40 107 0 0 0 0 0 0 0 0 0 0 0 0 0 0
0 0 0 0 0 0 0 1 0 7 0 0 0 16 0 0 0 0 0 0 0 0 0 0 0 0 0 0
0 0 0 0 1 1 1 10 0 37 0 40 44 111 0 0 0 0 0 0 0 0 0 0 0 0 0 0
0 0 1 0 1 3 4 125 0 525 0 92 381 1527 0 0 1 0 0 2 5 172 0 792 0 32 387 2104
0 0 0 0 0 0 0 1 0 7 0 0 0 16 0 0 0 0 0 0 0 4 0 21 0 0 0 51
0 0 0 0 0 0 1 13 0 49 0 0 108 198 0 0 0 0 0 0 0 0 0 0 0 0 0 0
0 0 0 0 1 1 1 23 0 59 0 55 198 198 0 0 0 0 0 0 0 0 0 0 0 0 0 0
0 0 0 0 1 1 1 10 0 37 0 40 40 107 0 0 0 0 0 0 0 0 0 0 0 0 0 0
0 0 0 0 1 1 1 21 0 53 0 80 160 176 0 0 0 0 0 0 0 0 0 0 0 0 0 0
0 0 0 0 1 1 1 26 0 68 0 81 161 227 0 0 0 0 0 0 0 0 0 0 0 0 0 0
0 0 0 0 1 1 1 41 0 150 0 75 152 461 0 0 0 0 0 0 1 3 0 14 0 0 21 54
0 0 0 0 0 0 0 0 0 0 0 0 0 0 0 0 0 0 0 0 0 0 0 0 0 0 0 0
0 0 1 0 1 2 3 127 0 521 30 203 267 1391 0 0 0 0 1 2 3 173 0 779 0 162 268 2017
0 0 0 0 1 1 1 13 0 39 0 40 61 130 0 0 0 0 0 0 1 17 0 91 0 0 0 214
0 0 0 0 1 1 1 5 0 13 0 40 40 40 0 0 0 0 0 0 0 0 0 0 0 0 0 0
0 0 0 0 0 1 2 12 0 40 0 8 80 130 0 0 0 0 0 0 2 13 0 75 0 0 0 175
0 0 0 0 0 0 0 7 0 40 0 0 0 94 0 0 0 0 0 0 0 0 0 0 0 0 0 0
0 0 0 0 0 1 1 9 0 36 0 4 40 107 0 0 0 0 0 0 1 11 0 59 0 0 0 140
0 0 0 0 0 0 0 6 0 35 0 0 0 83 0 0 0 0 0 0 0 0 0 0 0 0 0 0
0 0 0 0 1 1 1 9 0 21 0 40 57 75 0 0 0 0 1 2 3 26 0 78 0 83 200 301
0 0 0 0 1 1 1 10 0 37 0 40 40 107 0 0 0 0 0 0 0 0 0 0 0 0 0 0
0 0 0 0 0 1 1 5 0 17 0 4 40 56 0 0 0 0 0 0 0 0 0 0 0 0 0 0
0 0 0 0 1 1 1 15 0 45 0 43 116 172 0 0 0 0 0 0 0 0 0 0 0 0 0 0
0 0 0 0 0 0 0 6 0 35 0 0 0 83 0 0 0 0 0 0 0 0 0 0 0 0 0 0
0 0 0 0 1 1 1 10 0 25 0 43 71 80 0 0 0 0 0 1 1 6 0 21 0 4 61 80
0 0 0 0 0 0 0 6 0 35 0 0 0 83 0 0 0 0 0 0 0 0 0 0 0 0 0 0
0 0 0 0 0 0 0 1 0 7 0 0 0 16 0 0 0 0 0 0 0 0 0 0 0 0 0 0
0 0 0 0 0 1 1 10 0 43 0 4 40 123 0 0 0 0 0 0 0 0 0 0 0 0 0 0
0 0 0 0 0 1 1 10 0 38 0 4 57 125 0 0 0 0 0 0 0 0 0 0 0 0 0 0
0 0 0 0 1 1 1 26 0 55 0 160 160 161 0 0 0 0 0 0 0 0 0 0 0 0 0 0
0 0 0 0 0 0 0 6 0 35 0 0 0 83 0 0 0 0 0 0 0 0 0 0 0 0 0 0
0 0 0 0 0 0 0 0 0 0 0 0 0 0 0 0 0 0 0 0 0 0 0 0 0 0 0 0
0 0 0 0 0 0 0 0 0 0 0 0 0 0 0 0 0 0 0 0 0 0 0 0 0 0 0 0
0 0 0 0 1 1 1 22 0 59 0 55 198 198 0 0 0 0 0 0 0 0 0 0 0 0 0 0
0 0 0 0 0 0 1 14 0 54 0 0 108 214 0 0 0 0 0 0 0 0 0 0 0 0 0 0
0 0 0 0 1 1 1 11 0 37 0 40 48 111 0 0 0 0 0 0 0 0 0 0 0 0 0 0
0 0 0 0 0 0 0 2 0 12 0 0 0 29 0 0 0 0 0 0 0 0 0 0 0 0 0 0
0 0 0 0 0 1 1 6 0 21 0 4 57 80 0 0 0 0 0 0 1 3 0 14 0 0 21 54
0 0 0 0 0 0 1 9 0 37 0 0 39 125 0 0 0 0 0 0 0 0 0 0 0 0 0 0
0 0 0 0 0 0 0 0 0 0 0 0 0 0 0 0 0 0 0 0 0 0 0 0 0 0 0 0
0 0 0 0 1 1 1 10 0 37 0 40 44 111 0 0 0 0 0 0 0 0 0 0 0 0 0 0
0 0 0 0 0 0 0 1 0 7 0 0 0 16 0 0 0 0 0 0 0 0 0 0 0 0 0 0
0 0 0 0 0 1 1 9 0 37 0 4 48 111 0 0 0 0 0 0 0 0 0 0 0 0 0 0
0 0 0 0 0 0 0 6 0 35 0 0 0 83 0 0 0 0 0 0 0 0 0 0 0 0 0 0
0 0 0 0 0 0 0 0 0 0 0 0 0 0 0 0 0 0 0 0 0 0 0 0 0 0 0 0
0 0 0 0 0 0 1 13 0 49 0 0 108 198 0 0 0 0 0 0 0 0 0 0 0 0 0 0
0 0 0 0 1 1 1 25 0 60 0 91 198 198 0 0 0 0 0 0 0 0 0 0 0 0 0 0
0 0 0 0 0 0 1 8 0 36 0 0 21 107 0 0 0 0 0 0 0 0 0 0 0 0 0 0
0 0 0 0 1 1 1 11 0 38 0 40 57 125 0 0 0 0 0 0 0 0 0 0 0 0 0 0
0 0 0 0 1 1 1 17 0 48 0 52 160 161 0 0 0 0 0 0 0 0 0 0 0 0 0 0
0 0 0 0 1 1 2 49 0 158 0 85 265 530 0 0 0 0 0 0 0 0 0 0 0 0 0 0
0 0 0 0 0 0 1 4 0 18 0 0 21 62 0 0 0 0 0 0 1 3 0 14 0 0 21 54
0 0 0 0 0 0 0 6 0 35 0 0 0 83 0 0 0 0 0 0 0 0 0 0 0 0 0 0
0 0 0 0 0 1 1 10 0 38 0 4 61 130 0 0 0 0 0 0 0 0 0 0 0 0 0 0
0 0 0 0 0 0 0 1 0 7 0 0 0 16 0 0 0 0 0 0 0 0 0 0 0 0 0 0
0 0 0 0 1 1 1 12 0 39 0 40 65 130 0 0 0 0 0 0 0 0 0 0 0 0 0 0
0 0 0 0 0 0 1 7 0 30 0 0 40 106 0 0 0 0 0 0 0 0 0 0 0 0 0 0
0 0 0 0 0 0 0 6 0 35 0 0 0 83 0 0 0 0 0 0 0 0 0 0 0 0 0 0
0 0 0 0 0 0 1 9 0 37 0 0 39 125 0 0 0 0 0 0 0 0 0 0 0 0 0 0
0 0 0 0 0 0 0 0 0 0 0 0 0 0 0 0 0 0 0 0 0 0 0 0 0 0 0 0
0 0 0 0 1 1 1 10 0 37 0 40 40 107 0 0 0 0 0 0 0 0 0 0 0 0 0 0
0 0 0 0 0 1 1 4 0 12 0 4 40 40 0 0 0 0 0 0 0 0 0 0 0 0 0 0
0 0 0 0 1 1 1 16 0 50 0 43 138 195 0 0 0 0 0 0 0 0 0 0 0 0 0 0
0 0 0 0 0 0 1 8 0 36 0 0 21 107 0 0 0 0 0 0 0 0 0 0 0 0 0 0
0 0 0 0 0 0 0 0 0 0 0 0 0 0 0 0 0 0 0 0 0 0 0 0 0 0 0 0
0 0 0 0 0 1 1 11 0 39 0 4 69 138 0 0 0 0 0 0 1 3 0 14 0 0 21 54
0 0 0 0 0 0 0 1 0 7 0 0 0 16 0 0 0 0 0 0 0 0 0 0 0 0 0 0
0 0 0 0 0 1 1 9 0 36 0 4 40 107 0 0 0 0 0 0 0 0 0 0 0 0 0 0
0 0 0 0 1 1 1 13 0 41 0 40 79 148 0 0 0 0 0 0 0 0 0 0 0 0 0 0
0 0 0 0 1 1 1 14 0 40 0 40 105 160 0 0 0 0 0 0 0 0 0 0 0 0 0 0
0 0 0 0 0 1 1 17 0 52 0 16 161 177 0 0 0 0 0 0 0 0 0 0 0 0 0 0
0 0 0 0 0 0 0 0 0 0 0 0 0 0 0 0 0 0 0 0 0 0 0 0 0 0 0 0
0 0 0 0 0 0 0 6 0 35 0 0 0 83 0 0 0 0 0 0 0 0 0 0 0 0 0 0
0 0 0 0 1 1 1 25 0 60 0 91 198 198 0 0 0 0 0 0 0 0 0 0 0 0 0 0
0 0 0 0 0 1 1 14 0 49 0 4 126 198 0 0 0 0 0 0 0 0 0 0 0 0 0 0
0 0 0 0 0 0 0 6 0 35 0 0 0 83 0 0 0 0 0 0 0 0 0 0 0 0 0 0
0 0 0 0 0 1 1 4 0 12 0 4 40 43 0 0 0 0 0 0 0 0 0 0 0 0 0 0
0 0 0 0 0 0 0 6 0 35 0 0 0 83 0 0 0 0 0 0 0 0 0 0 0 0 0 0
0 0 0 0 0 0 1 9 0 37 0 0 39 125 0 0 0 0 0 0 0 0 0 0 0 0 0 0
0 0 0 0 0 0 1 4 0 18 0 0 21 62 0 0 0 0 0 0 1 3 0 14 0 0 21 54
0 0 0 0 0 0 1 8 0 36 0 0 21 107 0 0 0 0 0 0 0 0 0 0 0 0 0 0
0 0 0 0 1 1 1 5 0 13 0 40 40 40 0 0 0 0 0 0 0 0 0 0 0 0 0 0
0 0 0 0 1 1 1 10 0 37 0 40 40 107 0 0 0 0 0 0 0 0 0 0 0 0 0 0
0 0 0 0 0 0 0 6 0 35 0 0 0 83 0 0 0 0 0 0 0 0 0 0 0 0 0 0
0 0 0 0 0 0 0 0 0 0 0 0 0 0 0 0 0 0 0 0 0 0 0 0 0 0 0 0
0 0 0 0 0 0 1 13 0 49 0 0 108 198 0 0 0 0 0 0 0 0 0 0 0 0 0 0
0 0 0 0 1 1 1 21 0 59 0 55 198 198 0 0 0 0 0 0 0 0 0 0 0 0 0 0
0 0 0 0 0 1 1 9 0 36 0 4 40 107 0 0 0 0 0 0 0 0 0 0 0 0 0 0
0 0 0 0 1 1 1 14 0 41 0 40 79 148 0 0 0 0 0 0 0 0 0 0 0 0 0 0
0 0 0 0 0 0 1 2 0 9 0 0 21 40 0 0 0 0 0 0 0 0 0 0 0 0 0 0
0 0 0 0 2 2 3 71 0 176 0 237 386 624 0 0 0 0 0 0 0 0 0 0 0 0 0 0
0 0 0 0 0 0 0 0 0 0 0 0 0 0 0 0 0 0 0 0 0 0 0 0 0 0 0 0
0 0 0 0 0 1 1 11 0 39 0 4 69 138 0 0 0 0 0 0 1 3 0 14 0 0 21 54
0 0 0 0 1 1 1 10 0 37 0 40 40 107 0 0 0 0 0 0 0 0 0 0 0 0 0 0
0 0 0 0 0 0 0 1 0 7 0 0 0 16 0 0 0 0 0 0 0 0 0 0 0 0 0 0
0 0 0 0 1 1 1 10 0 37 0 40 40 107 0 0 0 0 0 0 0 0 0 0 0 0 0 0
0 0 0 0 1 1 1 10 0 30 0 40 58 106 0 0 0 0 0 0 0 0 0 0 0 0 0 0
0 0 0 0 0 0 0 6 0 35 0 0 0 83 0 0 0 0 0 0 0 0 0 0 0 0 0 0
0 0 0 0 0 0 1 9 0 37 0 0 39 125 0 0 0 0 0 0 0 0 0 0 0 0 0 0
0 0 0 0 0 0 0 0 0 0 0 0 0 0 0 0 0 0 0 0 0 0 0 0 0 0 0 0
0 0 0 0 1 1 1 10 0 37 0 40 40 107 0 0 0 0 0 0 0 0 0 0 0 0 0 0
0 0 0 0 1 1 1 6 0 14 0 40 40 40 0 0 0 0 0 0 0 0 0 0 0 0 0 0
0 0 0 0 1 1 1 15 0 45 0 43 116 172 0 0 0 0 0 0 0 0 0 0 0 0 0 0
0 0 0 0 0 0 0 6 0 35 0 0 0 83 0 0 0 0 0 0 0 0 0 0 0 0 0 0
0 0 0 0 0 0 0 0 0 0 0 0 0 0 0 0 0 0 0 0 0 0 0 0 0 0 0 0
0 0 0 0 0 0 0 6 0 35 0 0 0 83 0 0 0 0 0 0 0 0 0 0 0 0 0 0
0 0 0 0 0 1 1 7 0 25 0 4 40 79 0 0 0 0 0 0 1 3 0 14 0 0 21 54
0 0 0 0 1 1 1 10 0 37 0 40 40 107 0 0 0 0 0 0 0 0 0 0 0 0 0 0
0 0 0 0 1 1 1 13 0 38 0 40 57 125 0 0 0 0 0 0 0 0 0 0 0 0 0 0
0 0 0 0 0 0 0 0 0 0 0 0 0 0 0 0 0 0 0 0 0 0 0 0 0 0 0 0
0 0 0 0 1 1 1 28 0 78 0 160 161 244 0 0 0 0 0 0 0 0 0 0 0 0 0 0
0 0 0 0 0 0 0 0 0 0 0 0 0 0 0 0 0 0 0 0 0 0 0 0 0 0 0 0
0 0 0 0 0 0 0 6 0 35 0 0 0 83 0 0 0 0 0 0 0 0 0 0 0 0 0 0
0 0 0 0 1 1 1 23 0 60 0 91 198 198 0 0 0 0 0 0 0 0 0 0 0 0 0 0
0 0 0 0 1 1 1 15 0 49 0 40 126 198 0 0 0 0 0 0 0 0 0 0 0 0 0 0
0 0 0 0 0 0 1 8 0 36 0 0 21 107 0 0 0 0 0 0 0 0 0 0 0 0 0 0
0 0 0 0 0 0 1 4 0 15 0 0 21 56 0 0 0 0 0 0 0 0 0 0 0 0 0 0
0 0 0 0 0 0 0 6 0 35 0 0 0 83 0 0 0 0 0 0 0 0 0 0 0 0 0 0
0 0 0 0 0 0 1 9 0 37 0 0 39 125 0 0 0 0 0 0 0 0 0 0 0 0 0 0
0 0 0 0 0 0 0 0 0 0 0 0 0 0 0 0 0 0 0 0 0 0 0 0 0 0 0 0
0 0 0 0 1 1 1 13 0 39 0 40 69 138 0 0 0 0 0 0 1 3 0 14 0 0 21 54
1 0 8 0 1 5 21 208 0 738 0 70 1448 2819 1 0 8 0 0 6 24 235 0 752 0 134 1898 2775
0 0 0 0 0 1 1 9 0 36 0 4 40 107 0 0 0 0 0 0 0 0 0 0 0 0 0 0
0 0 0 0 0 0 1 8 0 36 0 0 21 107 0 0 0 0 0 0 0 0 0 0 0 0 0 0
0 0 0 0 0 0 0 2 0 12 0 0 0 29 0 0 0 0 0 0 0 0 0 0 0 0 0 0
0 0 0 0 0 0 1 8 0 37 0 0 39 124 0 0 0 0 0 0 0 0 0 0 0 0 0 0
0 0 0 0 0 1 1 19 0 59 0 19 198 198 0 0 0 0 0 0 0 0 0 0 0 0 0 0
0 0 0 0 0 0 1 8 0 36 0 0 21 107 0 0 0 0 0 0 0 0 0 0 0 0 0 0
0 0 0 0 1 1 1 13 0 37 0 40 40 107 0 0 0 0 0 0 0 0 0 0 0 0 0 0
0 0 0 0 0 0 1 2 0 11 0 0 21 43 0 0 0 0 0 0 0 0 0 0 0 0 0 0
0 0 0 0 1 1 2 54 0 185 0 85 265 597 0 0 0 0 0 0 0 0 0 0 0 0 0 0
0 0 0 0 0 0 1 10 0 40 0 0 87 160 0 0 0 0 0 0 0 0 0 0 0 0 0 0
1 0 2 1 4 7 8 293 0 803 40 935 1664 2880 0 0 1 0 3 4 5 316 0 1012 30 428 2459 4078
0 0 0 0 1 1 1 10 0 37 0 40 40 107 0 0 0 0 0 0 0 0 0 0 0 0 0 0
0 0 0 0 1 1 1 7 0 20 0 40 40 62 0 0 0 0 0 0 1 3 0 14 0 0 21 54
0 0 0 0 0 0 1 8 0 36 0 0 21 107 0 0 0 0 0 0 0 0 0 0 0 0 0 0
0 0 0 0 1 1 1 10 0 30 0 40 58 106 0 0 0 0 0 0 0 0 0 0 0 0 0 0
0 0 0 0 0 1 1 11 0 39 0 7 71 125 0 0 0 0 0 0 0 0 0 0 0 0 0 0
0 0 0 0 0 0 1 9 0 37 0 0 39 125 0 0 0 0 0 0 0 0 0 0 0 0 0 0
0 0 0 0 0 0 0 0 0 0 0 0 0 0 0 0 0 0 0 0 0 0 0 0 0 0 0 0
0 0 0 0 0 1 1 9 0 36 0 4 40 107 0 0 0 0 0 0 0 0 0 0 0 0 0 0
0 0 0 0 1 1 1 6 0 14 0 40 40 40 0 0 0 0 0 0 0 0 0 0 0 0 0 0
0 0 0 0 1 1 1 16 0 50 0 43 138 195 0 0 0 0 0 0 0 0 0 0 0 0 0 0
0 0 0 0 0 0 0 6 0 35 0 0 0 83 0 0 0 0 0 0 0 0 0 0 0 0 0 0
0 0 0 0 0 0 0 0 0 0 0 0 0 0 0 0 0 0 0 0 0 0 0 0 0 0 0 0
0 0 0 0 0 0 0 6 0 35 0 0 0 83 0 0 0 0 0 0 0 0 0 0 0 0 0 0
0 0 0 0 0 0 0 1 0 8 0 0 0 20 0 0 0 0 0 0 0 0 0 0 0 0 0 0
0 0 0 0 1 1 1 15 0 40 0 40 69 138 0 0 0 0 0 0 1 3 0 14 0 0 21 54
0 0 0 0 1 1 1 11 0 38 0 40 57 125 0 0 0 0 0 0 0 0 0 0 0 0 0 0
0 0 0 0 0 0 0 1 0 8 0 0 0 20 0 0 0 0 0 0 0 0 0 0 0 0 0 0
0 0 0 0 0 0 0 6 0 35 0 0 0 83 0 0 0 0 0 0 0 0 0 0 0 0 0 0
0 0 0 0 1 1 1 21 0 54 0 160 160 161 0 0 0 0 0 0 0 0 0 0 0 0 0 0
0 0 0 0 0 0 0 6 0 35 0 0 0 83 0 0 0 0 0 0 0 0 0 0 0 0 0 0
0 0 0 0 1 1 1 21 0 59 0 55 198 198 0 0 0 0 0 0 0 0 0 0 0 0 0 0
0 0 0 0 1 1 1 17 0 49 0 40 126 198 0 0 0 0 0 0 0 0 0 0 0 0 0 0
0 0 0 0 1 1 1 14 0 39 0 40 61 130 0 0 0 0 0 0 1 11 0 62 0 0 0 146
0 0 0 0 0 0 0 1 0 7 0 0 0 16 0 0 0 0 0 0 0 0 0 0 0 0 0 0
0 0 0 0 0 0 0 6 0 35 0 0 0 83 0 0 0 0 0 0 0 0 0 0 0 0 0 0
0 0 0 0 0 0 1 9 0 37 0 0 39 125 0 0 0 0 0 0 0 0 0 0 0 0 0 0
0 0 0 0 0 0 0 0 0 0 0 0 0 0 0 0 0 0 0 0 0 0 0 0 0 0 0 0
0 0 0 0 1 1 1 12 0 37 0 40 44 111 0 0 0 0 0 0 0 0 0 0 0 0 0 0
0 0 0 0 1 1 1 7 0 20 0 40 44 67 0 0 0 0 0 0 1 3 0 14 0 0 21 54
0 0 0 0 0 0 1 8 0 36 0 0 21 107 0 0 0 0 0 0 0 0 0 0 0 0 0 0
0 0 0 0 0 0 0 6 0 35 0 0 0 83 0 0 0 0 0 0 0 0 0 0 0 0 0 0
0 0 0 0 0 0 0 2 0 14 0 0 0 33 0 0 0 0 0 0 1 8 0 32 0 0 46 118
0 0 0 0 0 0 1 13 0 49 0 0 108 198 0 0 0 0 0 0 0 0 0 0 0 0 0 0
0 0 0 0 1 1 1 22 0 59 0 55 198 198 0 0 0 0 0 0 1 5 0 20 0 0 44 82
0 0 0 0 1 1 1 14 0 37 0 40 40 107 0 0 0 0 0 0 0 0 0 0 0 0 0 0
0 0 0 0 0 1 1 11 0 39 0 7 76 130 0 0 0 0 0 0 0 0 0 0 0 0 0 0
0 0 0 0 0 0 0 1 0 7 0 0 0 16 0 0 0 0 0 0 0 0 0 0 0 0 0 0
0 0 0 0 0 0 1 17 0 66 0 0 109 249 0 0 0 0 0 0 0 0 0 0 0 0 0 0
0 0 0 0 1 1 1 53 0 153 0 160 161 439 0 0 0 0 0 0 0 0 0 0 0 0 0 0
0 0 0 0 0 0 0 6 0 35 0 0 0 83 0 0 0 0 0 0 0 0 0 0 0 0 0 0
0 0 0 0 0 1 1 9 0 36 0 4 40 107 0 0 0 0 0 0 0 0 0 0 0 0 0 0
0 0 0 0 0 0 1 2 0 9 0 0 21 40 0 0 0 0 0 0 0 0 0 0 0 0 0 0
0 0 0 0 1 1 1 14 0 40 0 40 73 138 0 0 0 0 0 0 1 3 0 14 0 0 21 54
0 0 0 0 1 1 1 10 0 30 0 40 58 106 0 0 0 0 0 0 0 0 0 0 0 0 0 0
0 0 0 0 0 0 0 6 0 35 0 0 0 83 0 0 0 0 0 0 0 0 0 0 0 0 0 0
0 0 0 0 0 0 1 9 0 37 0 0 39 125 0 0 0 0 0 0 0 0 0 0 0 0 0 0
0 0 0 0 0 0 0 0 0 0 0 0 0 0 0 0 0 0 0 0 0 0 0 0 0 0 0 0
0 0 0 0 0 1 1 9 0 37 0 4 44 111 0 0 0 0 0 0 0 0 0 0 0 0 0 0
0 0 0 0 0 0 1 2 0 9 0 0 21 40 0 0 0 0 0 0 0 0 0 0 0 0 0 0
0 0 0 0 1 1 1 19 0 46 0 43 116 172 0 0 0 0 0 0 0 0 0 0 0 0 0 0
0 0 0 0 0 0 0 6 0 35 0 0 0 83 0 0 0 0 0 0 0 0 0 0 0 0 0 0
0 0 0 0 0 0 0 0 0 0 0 0 0 0 0 0 0 0 0 0 0 0 0 0 0 0 0 0
0 0 0 0 0 0 0 6 0 35 0 0 0 83 0 0 0 0 0 0 0 0 0 0 0 0 0 0
0 0 0 0 0 0 0 1 0 7 0 0 0 16 0 0 0 0 0 0 0 0 0 0 0 0 0 0
0 0 0 0 1 1 1 12 0 37 0 40 40 107 0 0 0 0 0 0 0 0 0 0 0 0 0 0
0 0 0 0 0 1 1 11 0 40 0 4 79 148 0 0 0 0 0 0 0 0 0 0 0 0 0 0
0 0 0 0 1 1 1 7 0 20 0 40 40 62 0 0 0 0 0 0 1 3 0 14 0 0 21 54
0 0 0 0 0 0 0 6 0 35 0 0 0 83 0 0 0 0 0 0 0 0 0 0 0 0 0 0
0 0 0 0 0 0 0 0 0 0 0 0 0 0 0 0 0 0 0 0 0 0 0 0 0 0 0 0
0 0 0 0 1 1 1 22 0 58 0 160 161 177 0 0 0 0 0 0 0 0 0 0 0 0 0 0
0 0 0 0 1 1 1 22 0 59 0 55 198 198 0 0 0 0 0 0 0 0 0 0 0 0 0 0
0 0 0 0 1 1 1 17 0 51 0 44 148 198 0 0 0 0 0 0 0 0 0 0 0 0 0 0
0 0 0 0 0 0 0 6 0 35 0 0 0 83 0 0 0 0 0 0 0 0 0 0 0 0 0 0
0 0 0 0 0 1 1 4 0 12 0 4 40 40 0 0 0 0 0 0 0 0 0 0 0 0 0 0
0 0 0 0 0 0 0 6 0 35 0 0 0 83 0 0 0 0 0 0 0 0 0 0 0 0 0 0
0 0 0 0 0 0 1 9 0 37 0 0 39 125 0 0 0 0 0 0 0 0 0 0 0 0 0 0
0 0 0 0 0 0 0 0 0 0 0 0 0 0 0 0 0 0 0 0 0 0 0 0 0 0 0 0
0 0 0 0 0 1 1 9 0 36 0 4 40 107 0 0 0 0 0 0 0 0 0 0 0 0 0 0
0 0 0 0 0 1 1 4 0 12 0 4 40 43 0 0 0 0 0 0 0 0 0 0 0 0 0 0
0 0 0 0 1 1 1 13 0 39 0 40 69 138 0 0 0 0 0 1 1 6 0 20 0 4 58 78
0 0 0 0 0 0 0 1 0 7 0 0 0 16 0 0 0 0 0 0 0 0 0 0 0 0 0 0
0 0 2 0 3 7 9 190 0 633 0 413 1041 2056 2 0 7 0 1 9 23 1981 0 10159 0 139 1393 24829
0 0 1 0 0 1 3 40 0 150 0 19 199 454 0 0 2 0 0 0 6 569 0 3068 0 0 0 7180
0 0 1 1 2 2 4 189 0 650 52 243 595 1991 0 0 1 0 2 3 4 405 0 1393 39 303 2694 5303
0 0 2 0 1 1 5 411 0 2133 30 40 127 5113 0 0 1 0 1 2 3 30 0 83 0 129 242 297
0 0 0 0 1 1 1 11 0 38 0 40 57 125 0 0 0 0 0 0 0 0 0 0 0 0 0 0
0 0 0 0 1 1 1 5 0 13 0 40 40 40 0 0 0 0 0 0 0 0 0 0 0 0 0 0
0 0 0 0 0 0 0 6 0 35 0 0 0 83 0 0 0 0 0 0 0 0 0 0 0 0 0 0
0 0 0 0 1 1 2 42 0 156 0 73 208 530 0 0 0 0 0 0 0 0 0 0 0 0 0 0
0 0 0 0 1 1 1 28 0 63 0 160 161 177 0 0 0 0 0 0 0 0 0 0 0 0 0 0
0 0 0 0 0 1 1 10 0 43 0 4 40 123 0 0 0 0 0 0 0 0 0 0 0 0 0 0
0 0 0 0 0 0 1 2 0 9 0 0 21 40 0 0 0 0 0 0 0 0 0 0 0 0 0 0
0 0 0 0 1 1 1 10 0 37 0 40 40 107 0 0 0 0 0 0 0 0 0 0 0 0 0 0
0 0 0 0 1 1 1 13 0 34 0 43 84 118 0 0 0 0 0 0 1 3 0 14 0 0 21 54
0 0 0 0 0 0 0 6 0 35 0 0 0 83 0 0 0 0 0 0 0 0 0 0 0 0 0 0
0 0 0 0 0 0 1 9 0 37 0 0 39 125 0 0 0 0 0 0 0 0 0 0 0 0 0 0
0 0 0 0 0 0 0 0 0 0 0 0 0 0 0 0 0 0 0 0 0 0 0 0 0 0 0 0
0 0 0 0 0 1 1 9 0 36 0 4 40 107 0 0 0 0 0 0 0 1 0 9 0 0 0 21
0 0 0 0 0 1 1 4 0 12 0 4 40 40 0 0 0 0 0 0 0 0 0 0 0 0 0 0
0 0 0 0 1 1 1 14 0 37 0 40 58 123 0 0 0 0 0 0 0 0 0 0 0 0 0 0
0 0 0 0 0 0 0 6 0 35 0 0 0 83 0 0 0 0 0 0 0 0 0 0 0 0 0 0
0 0 0 0 0 0 0 0 0 0 0 0 0 0 0 0 0 0 0 0 0 0 0 0 0 0 0 0
0 0 0 0 0 1 1 11 0 39 0 7 71 125 0 0 0 0 0 0 0 0 0 0 0 0 0 0
0 0 0 0 0 1 1 4 0 12 0 4 40 40 0 0 0 0 0 0 0 0 0 0 0 0 0 0
0 0 0 0 0 0 1 8 0 36 0 0 21 107 0 0 0 0 0 0 0 0 0 0 0 0 0 0
0 0 0 0 0 1 1 11 0 44 0 4 57 142 0 0 0 0 0 0 0 0 0 0 0 0 0 0
0 0 0 0 0 1 1 4 0 12 0 4 40 40 0 0 0 0 0 0 0 0 0 0 0 0 0 0
0 0 0 0 0 1 1 11 0 39 0 4 69 138 0 0 0 0 0 0 1 3 0 14 0 0 21 54
0 0 0 0 0 0 0 0 0 0 0 0 0 0 0 0 0 0 0 0 0 0 0 0 0 0 0 0
0 0 0 0 1 1 1 28 0 63 0 160 161 177 0 0 0 0 0 0 0 0 0 0 0 0 0 0
0 0 0 0 1 1 1 21 0 59 0 55 198 198 0 0 0 0 0 0 0 0 0 0 0 0 0 0
0 0 0 0 1 1 1 17 0 49 0 40 126 198 0 0 0 0 0 0 0 0 0 0 0 0 0 0
0 0 0 0 1 1 1 12 0 37 0 40 44 111 0 0 0 0 0 0 0 1 0 9 0 0 0 21
0 0 0 0 0 0 0 1 0 7 0 0 0 16 0 0 0 0 0 0 0 0 0 0 0 0 0 0
0 0 0 0 0 0 0 0 0 0 0 0 0 0 0 0 0 0 0 0 0 0 0 0 0 0 0 0
0 0 1 0 1 1 3 104 0 488 0 71 142 1260 0 0 0 0 0 0 0 0 0 0 0 0 0 0
0 0 0 0 0 0 0 0 0 0 0 0 0 0 0 0 0 0 0 0 0 0 0 0 0 0 0 0
0 0 0 0 0 0 1 8 0 36 0 0 21 107 0 0 0 0 0 0 0 0 0 0 0 0 0 0
0 0 0 0 1 1 2 12 0 31 0 40 40 90 0 0 0 0 0 0 1 4 0 19 0 0 21 66
0 0 0 0 0 1 1 9 0 36 0 4 40 107 0 0 0 0 0 0 0 0 0 0 0 0 0 0
0 0 0 0 0 0 1 8 0 36 0 0 21 107 0 0 0 0 0 0 0 0 0 0 0 0 0 0
0 0 0 0 0 0 1 4 0 18 0 0 21 62 0 0 0 0 0 0 1 3 0 14 0 0 21 54
0 0 0 0 0 1 1 15 0 50 0 8 144 198 0 0 0 0 0 0 1 4 0 25 0 0 0 60
0 0 0 0 1 1 1 21 0 59 0 63 198 198 0 0 0 0 0 0 0 0 0 0 0 0 0 0
0 0 0 0 1 1 1 12 0 37 0 40 40 107 0 0 0 0 0 0 0 0 0 0 0 0 0 0
0 0 0 0 0 1 1 11 0 44 0 4 57 142 0 0 0 0 0 0 0 0 0 0 0 0 0 0
0 0 0 0 0 0 0 0 0 0 0 0 0 0 0 0 0 0 0 0 0 0 0 0 0 0 0 0
0 0 0 0 0 0 0 6 0 35 0 0 0 83 0 0 0 0 0 0 0 0 0 0 0 0 0 0
0 0 0 0 1 1 2 42 0 156 0 73 208 530 0 0 0 0 0 0 0 0 0 0 0 0 0 0
0 0 0 0 0 0 0 6 0 35 0 0 0 83 0 0 0 0 0 0 0 0 0 0 0 0 0 0
0 0 0 0 1 1 1 24 0 58 0 160 161 177 0 0 0 0 0 0 0 0 0 0 0 0 0 0
0 0 0 0 1 1 1 6 0 14 0 40 40 40 0 0 0 0 0 0 0 0 0 0 0 0 0 0
0 0 0 0 0 1 1 10 0 38 0 4 61 130 0 0 0 0 0 0 0 0 0 0 0 0 0 0
0 0 0 0 0 0 1 7 0 30 0 0 40 106 0 0 0 0 0 0 0 0 0 0 0 0 0 0
0 0 0 0 0 1 1 11 0 39 0 4 69 138 0 0 0 0 0 0 1 3 0 14 0 0 21 54
0 0 0 0 0 0 1 9 0 37 0 0 39 125 0 0 0 0 0 0 0 0 0 0 0 0 0 0
0 0 0 0 0 0 0 1 0 7 0 0 0 16 0 0 0 0 0 0 0 0 0 0 0 0 0 0
0 0 0 0 1 1 1 10 0 37 0 40 40 107 0 0 0 0 0 0 0 0 0 0 0 0 0 0
0 0 0 0 0 1 1 4 0 12 0 4 40 40 0 0 0 0 0 0 0 0 0 0 0 0 0 0
0 0 0 0 1 1 1 15 0 45 0 43 116 172 0 0 0 0 0 0 0 0 0 0 0 0 0 0
0 0 0 0 0 0 1 8 0 36 0 0 21 107 0 0 0 0 0 0 0 0 0 0 0 0 0 0
0 0 0 0 0 0 0 0 0 0 0 0 0 0 0 0 0 0 0 0 0 0 0 0 0 0 0 0
0 0 0 0 0 0 0 6 0 35 0 0 0 83 0 0 0 0 0 0 0 0 0 0 0 0 0 0
0 0 0 0 0 0 1 3 0 11 0 0 26 48 0 0 0 0 0 0 0 0 0 0 0 0 0 0
0 0 0 0 0 0 0 6 0 35 0 0 0 83 0 0 0 0 0 0 0 0 0 0 0 0 0 0
0 0 0 0 1 1 1 11 0 38 0 40 57 125 0 0 0 0 0 0 0 0 0 0 0 0 0 0
0 0 0 0 0 1 1 4 0 12 0 4 40 40 0 0 0 0 0 0 0 0 0 0 0 0 0 0
0 0 0 0 0 0 0 6 0 35 0 0 0 83 0 0 0 0 0 0 0 0 0 0 0 0 0 0
0 0 0 0 0 0 1 4 0 18 0 0 21 62 0 0 0 0 0 0 1 3 0 14 0 0 21 54
0 0 0 0 0 0 0 6 0 35 0 0 0 83 0 0 0 0 0 0 0 0 0 0 0 0 0 0
0 0 0 0 1 1 2 43 0 90 0 164 221 289 0 0 0 0 0 0 0 0 0 0 0 0 0 0
0 0 0 0 1 1 1 16 0 49 0 40 130 198 0 0 0 0 0 0 0 0 0 0 0 0 0 0
0 0 0 0 0 0 1 8 0 36 0 0 26 111 0 0 0 0 0 0 0 0 0 0 0 0 0 0
0 0 0 0 0 0 1 2 0 9 0 0 21 40 0 0 0 0 0 0 0 0 0 0 0 0 0 0
0 0 0 0 0 0 0 6 0 35 0 0 0 83 0 0 0 0 0 0 0 0 0 0 0 0 0 0
0 0 0 0 0 0 1 9 0 37 0 0 39 125 0 0 0 0 0 0 0 0 0 0 0 0 0 0
0 0 0 0 0 0 0 0 0 0 0 0 0 0 0 0 0 0 0 0 0 0 0 0 0 0 0 0
0 0 0 0 1 1 1 10 0 37 0 40 40 107 0 0 0 0 0 0 0 0 0 0 0 0 0 0
0 0 0 0 1 1 1 5 0 13 0 40 40 40 0 0 0 0 0 0 0 0 0 0 0 0 0 0
0 0 0 0 0 0 1 9 0 43 0 0 21 123 0 0 0 0 0 0 0 0 0 0 0 0 0 0
0 0 0 0 0 0 0 6 0 35 0 0 0 83 0 0 0 0 0 0 0 0 0 0 0 0 0 0
0 0 0 0 0 0 0 0 0 0 0 0 0 0 0 0 0 0 0 0 0 0 0 0 0 0 0 0
0 0 0 0 1 1 1 17 0 51 0 45 151 198 0 0 0 0 0 0 1 3 0 14 0 0 21 54
0 0 0 0 1 1 1 21 0 59 0 55 198 198 0 0 0 0 0 0 0 0 0 0 0 0 0 0
0 0 0 0 0 1 1 10 0 38 0 4 61 130 0 0 0 0 0 0 0 0 0 0 0 0 0 0
0 0 0 0 1 1 1 11 0 38 0 40 57 125 0 0 0 0 0 0 0 0 0 0 0 0 0 0
0 0 0 0 0 0 1 2 0 9 0 0 21 40 0 0 0 0 0 0 0 0 0 0 0 0 0 0
0 0 0 0 0 0 0 6 0 35 0 0 0 83 0 0 0 0 0 0 0 0 0 0 0 0 0 0
0 0 0 0 0 1 1 15 0 59 0 7 73 176 0 0 0 0 0 0 0 0 0 0 0 0 0 0
0 0 0 0 0 0 1 34 0 150 0 0 109 461 0 0 0 0 0 0 0 0 0 0 0 0 0 0
0 0 0 0 1 1 1 17 0 48 0 59 160 160 0 0 0 0 0 0 0 0 0 0 0 0 0 0
0 0 0 0 0 1 1 14 0 65 0 4 40 174 0 0 0 0 0 0 0 0 0 0 0 0 0 0
0 0 0 0 0 0 0 6 0 35 0 0 0 83 0 0 0 0 0 0 0 0 0 0 0 0 0 0
0 0 0 0 1 1 1 10 0 30 0 40 58 106 0 0 0 0 0 0 0 0 0 0 0 0 0 0
0 0 0 0 0 0 0 6 0 35 0 0 0 83 0 0 0 0 0 0 0 0 0 0 0 0 0 0
0 0 0 0 0 0 1 9 0 37 0 0 39 125 0 0 0 0 0 0 0 0 0 0 0 0 0 0
0 0 0 0 0 0 1 4 0 18 0 0 21 62 0 0 0 0 0 0 1 3 0 14 0 0 21 54
0 0 0 0 0 0 1 8 0 36 0 0 21 107 0 0 0 0 0 0 0 0 0 0 0 0 0 0
0 0 1 0 1 1 3 46 0 150 30 48 207 524 0 0 0 0 0 0 1 30 0 117 0 0 182 434
0 0 0 0 1 1 1 18 0 50 0 43 138 195 0 0 0 0 0 0 0 0 0 0 0 0 0 0
0 0 0 0 0 0 0 0 0 0 0 0 0 0 0 0 0 0 0 0 0 0 0 0 0 0 0 0
0 0 2 0 3 4 8 328 0 1346 0 238 1014 3914 1 0 5 0 3 10 19 1747 0 5769 0 814 14453 22489
0 0 1 0 1 1 5 81 0 288 0 56 465 1015 0 0 2 0 0 3 7 288 0 1431 0 32 337 3553
0 0 0 0 0 0 0 1 0 7 0 0 0 16 0 0 0 0 0 0 0 0 0 0 0 0 0 0
0 0 0 0 0 0 0 6 0 35 0 0 0 83 0 0 0 0 0 0 0 0 0 0 0 0 0 0
0 0 0 0 1 1 1 13 0 45 0 40 57 142 0 0 0 0 0 0 0 0 0 0 0 0 0 0
0 0 0 0 1 1 1 6 0 14 0 40 40 40 0 0 0 0 0 0 0 0 0 0 0 0 0 0
0 0 0 0 0 0 0 6 0 35 0 0 0 83 0 0 0 0 0 0 0 0 0 0 0 0 0 0
0 0 0 0 0 0 0 0 0 0 0 0 0 0 0 0 0 0 0 0 0 0 0 0 0 0 0 0
0 0 0 0 0 1 1 11 0 39 0 4 69 138 0 0 0 0 0 0 1 3 0 14 0 0 21 54
0 0 0 0 1 1 1 17 0 50 0 44 144 198 0 0 0 0 0 0 0 0 0 0 0 0 0 0
0 0 0 0 1 1 2 43 0 90 0 164 221 289 0 0 0 0 0 0 0 0 0 0 0 0 0 0
0 0 0 0 0 1 1 9 0 37 0 4 44 111 0 0 0 0 0 0 0 0 0 0 0 0 0 0
0 0 0 0 0 0 0 1 0 7 0 0 0 16 0 0 0 0 0 0 0 0 0 0 0 0 0 0
0 0 0 0 0 0 0 6 0 35 0 0 0 83 0 0 0 0 0 0 0 0 0 0 0 0 0 0
0 0 0 0 0 0 1 9 0 37 0 0 39 125 0 0 0 0 0 0 0 0 0 0 0 0 0 0
0 0 0 0 0 0 0 0 0 0 0 0 0 0 0 0 0 0 0 0 0 0 0 0 0 0 0 0
0 0 0 0 0 1 1 10 0 43 0 4 40 123 0 0 0 0 0 0 0 0 0 0 0 0 0 0
0 0 0 0 0 0 1 2 0 9 0 0 21 40 0 0 0 0 0 0 0 0 0 0 0 0 0 0
0 0 0 0 0 1 1 9 0 37 0 4 44 111 0 0 0 0 0 0 0 0 0 0 0 0 0 0
0 0 0 0 0 0 0 1 0 7 0 0 0 16 0 0 0 0 0 0 0 0 0 0 0 0 0 0
0 0 0 0 0 0 0 6 0 35 0 0 0 83 0 0 0 0 0 0 0 0 0 0 0 0 0 0
0 0 0 0 0 0 1 13 0 49 0 0 108 198 0 0 0 0 0 0 0 0 0 0 0 0 0 0
0 0 0 0 1 1 1 26 0 61 0 104 198 198 0 0 0 0 0 0 1 3 0 14 0 0 21 54
0 0 0 0 0 0 1 8 0 36 0 0 21 107 0 0 0 0 0 0 0 0 0 0 0 0 0 0
0 0 0 0 1 1 1 15 0 41 0 40 79 148 0 0 0 0 0 0 0 0 0 0 0 0 0 0
0 0 0 0 0 1 1 4 0 12 0 4 40 40 0 0 0 0 0 0 0 0 0 0 0 0 0 0
0 0 0 0 0 0 0 6 0 35 0 0 0 83 0 0 0 0 0 0 0 0 0 0 0 0 0 0
0 0 0 0 0 0 0 0 0 0 0 0 0 0 0 0 0 0 0 0 0 0 0 0 0 0 0 0
0 0 0 0 1 1 2 49 0 158 0 85 265 530 0 0 0 0 0 0 0 0 0 0 0 0 0 0
0 0 0 0 0 1 1 4 0 12 0 4 40 40 0 0 0 0 0 0 0 0 0 0 0 0 0 0
0 0 0 0 1 1 1 32 0 66 0 160 161 194 0 0 0 0 0 0 0 0 0 0 0 0 0 0
0 0 0 0 0 0 1 8 0 36 0 0 21 107 0 0 0 0 0 0 0 0 0 0 0 0 0 0
0 0 0 0 0 1 1 8 0 30 0 4 58 106 0 0 0 0 0 0 0 0 0 0 0 0 0 0
0 0 0 0 0 0 0 6 0 35 0 0 0 83 0 0 0 0 0 0 0 0 0 0 0 0 0 0
0 0 0 0 0 1 1 11 0 39 0 7 71 125 0 0 0 0 0 0 0 0 0 0 0 0 0 0
0 0 0 0 0 0 0 2 0 12 0 0 0 29 0 0 0 0 0 0 0 0 0 0 0 0 0 0
0 0 0 0 1 1 1 12 0 39 0 40 69 138 0 0 0 0 0 0 1 3 0 14 0 0 21 54
0 0 0 0 1 1 1 10 0 17 30 40 40 40 0 0 0 0 0 0 0 1 0 7 0 0 0 16
0 0 0 0 1 1 1 16 0 50 0 43 138 195 0 0 0 0 0 0 0 0 0 0 0 0 0 0
0 0 0 0 0 0 0 0 0 0 0 0 0 0 0 0 0 0 0 0 0 0 0 0 0 0 0 0
0 0 0 0 0 0 0 6 0 35 0 0 0 83 0 0 0 0 0 0 0 0 0 0 0 0 0 0
0 0 0 0 0 0 0 6 0 35 0 0 0 83 0 0 0 0 0 0 0 0 0 0 0 0 0 0
0 0 0 0 0 1 1 4 0 12 0 4 40 40 0 0 0 0 0 0 0 0 0 0 0 0 0 0
0 0 2 0 1 1 6 32 0 120 0 40 127 388 0 0 2 0 0 0 6 21 0 109 0 0 21 278
0 0 1 0 1 1 3 101 0 488 0 43 142 1260 0 0 0 0 0 0 0 1 0 7 0 0 0 16
0 0 0 0 0 0 0 1 0 7 0 0 0 16 0 0 0 0 0 0 0 0 0 0 0 0 0 0
0 0 0 0 0 0 0 6 0 35 0 0 0 83 0 0 0 0 0 0 0 0 0 0 0 0 0 0
0 0 0 0 0 0 0 0 0 0 0 0 0 0 0 0 0 0 0 0 0 0 0 0 0 0 0 0
0 0 0 0 0 0 0 6 0 35 0 0 0 83 0 0 0 0 0 0 0 0 0 0 0 0 0 0
0 0 0 0 1 1 1 15 0 49 0 40 126 198 0 0 0 0 0 0 0 0 0 0 0 0 0 0
0 0 0 0 1 1 1 35 0 66 30 160 181 198 0 0 0 0 0 0 1 3 0 14 0 0 21 54
0 0 0 0 1 1 1 14 0 45 0 40 106 177 0 0 0 0 0 0 0 0 0 0 0 0 0 0
0 0 2 0 2 3 7 212 0 708 0 557 965 2246 0 0 2 0 1 4 7 386 0 1339 0 552 2355 4939
0 0 0 1 1 2 3 65 0 138 40 214 401 485 0 0 1 0 1 2 4 261 0 1168 0 261 499 3049
0 0 1 0 1 1 3 205 0 1011 0 81 184 2488 0 0 0 0 0 1 1 39 0 130 0 16 342 508
0 0 0 0 0 0 0 0 0 0 0 0 0 0 0 0 0 0 0 0 0 0 0 0 0 0 0 0
0 0 0 0 1 1 1 10 0 37 0 40 40 107 0 0 0 0 0 0 0 0 0 0 0 0 0 0
0 0 0 0 1 1 1 5 0 14 0 40 40 43 0 0 0 0 0 0 0 0 0 0 0 0 0 0
0 0 0 0 0 0 1 8 0 36 0 0 21 107 0 0 0 0 0 0 0 0 0 0 0 0 0 0
0 0 0 0 0 0 0 0 0 0 0 0 0 0 0 0 0 0 0 0 0 0 0 0 0 0 0 0
0 0 0 0 0 0 0 6 0 35 0 0 0 83 0 0 0 0 0 0 0 0 0 0 0 0 0 0
0 0 0 0 0 0 1 13 0 49 0 0 108 198 0 0 0 0 0 0 0 0 0 0 0 0 0 0
0 0 0 0 0 1 1 19 0 59 0 19 198 198 0 0 0 0 0 0 0 0 0 0 0 0 0 0
0 0 0 0 1 1 1 15 0 40 0 40 73 138 0 0 0 0 0 0 1 3 0 14 0 0 21 54
0 0 0 0 1 1 1 7 0 20 0 40 57 75 0 0 0 0 0 0 0 0 0 0 0 0 0 0
0 0 0 0 0 0 1 8 0 36 0 0 21 107 0 0 0 0 0 0 0 0 0 0 0 0 0 0
0 0 0 0 0 0 0 6 0 35 0 0 0 83 0 0 0 0 0 0 0 0 0 0 0 0 0 0
0 0 0 0 0 0 0 0 0 0 0 0 0 0 0 0 0 0 0 0 0 0 0 0 0 0 0 0
0 0 0 0 1 2 2 49 0 161 0 93 298 530 0 0 0 0 0 0 0 0 0 0 0 0 0 0
0 0 0 0 0 0 1 2 0 9 0 0 21 40 0 0 0 0 0 0 0 0 0 0 0 0 0 0
0 0 0 0 1 1 1 10 0 37 0 40 40 107 0 0 0 0 0 0 0 0 0 0 0 0 0 0
2 0 6 1 1 13 26 142 0 394 130 203 726 1472 1 0 6 0 0 13 26 110 0 398 0 23 726 1472
0 0 0 0 0 1 1 8 0 30 0 4 58 106 0 0 0 0 0 0 0 0 0 0 0 0 0 0
0 0 0 0 0 0 0 6 0 35 0 0 0 83 0 0 0 0 0 0 0 0 0 0 0 0 0 0
0 0 0 0 0 1 2 164 0 859 0 7 76 2059 0 0 0 0 0 0 1 21 0 117 0 0 0 274
0 0 0 0 0 0 1 8 0 36 0 0 21 107 0 0 0 0 0 0 0 0 0 0 0 0 0 0
0 0 0 0 0 0 1 8 0 36 0 0 21 107 0 0 0 0 0 0 0 0 0 0 0 0 0 0
0 0 0 0 1 1 1 8 0 20 0 40 40 62 0 0 0 0 0 0 1 3 0 14 0 0 21 54
0 0 0 0 1 1 1 14 0 39 0 40 61 126 0 0 0 0 0 0 0 0 0 0 0 0 0 0
0 0 0 0 0 0 0 5 0 27 0 0 0 64 0 0 0 0 0 0 0 0 0 0 0 0 0 0
0 0 0 0 0 0 0 6 0 35 0 0 0 83 0 0 0 0 0 0 0 0 0 0 0 0 0 0
0 0 0 0 0 0 0 6 0 35 0 0 0 83 0 0 0 0 0 0 0 0 0 0 0 0 0 0
0 0 0 0 0 0 1 2 0 9 0 0 21 40 0 0 0 0 0 0 0 0 0 0 0 0 0 0
0 0 0 0 0 0 1 8 0 36 0 0 21 107 0 0 0 0 0 0 0 0 0 0 0 0 0 0
0 0 0 0 1 1 1 8 0 18 0 40 44 58 0 0 0 0 0 0 0 0 0 0 0 0 0 0
0 0 0 0 0 0 1 8 0 36 0 0 21 107 0 0 0 0 0 0 0 0 0 0 0 0 0 0
0 0 0 0 0 0 0 6 0 35 0 0 0 83 0 0 0 0 0 0 0 0 0 0 0 0 0 0
0 0 0 0 0 0 0 0 0 0 0 0 0 0 0 0 0 0 0 0 0 0 0 0 0 0 0 0
0 0 0 0 0 0 0 6 0 35 0 0 0 83 0 0 0 0 0 0 0 0 0 0 0 0 0 0
0 0 0 0 1 1 1 17 0 54 0 40 126 214 0 0 0 0 0 0 0 0 0 0 0 0 0 0
0 0 0 0 1 1 1 23 0 63 0 55 199 215 0 0 0 0 0 0 0 1 0 7 0 0 0 16
0 0 0 1 1 1 2 37 0 80 40 160 182 268 0 0 0 0 0 0 1 3 0 14 0 0 21 54
0 0 0 0 0 0 0 1 0 7 0 0 0 16 0 0 0 0 0 0 0 0 0 0 0 0 0 0
0 0 1 0 0 2 4 97 0 375 0 0 616 1408 0 0 0 0 0 0 0 0 0 0 0 0 0 0
0 0 0 0 0 0 0 2 0 12 0 0 0 30 0 0 0 0 0 0 0 0 0 0 0 0 0 0
0 0 0 0 0 0 1 8 0 36 0 0 21 107 0 0 0 0 0 0 0 0 0 0 0 0 0 0
0 0 0 0 0 1 1 9 0 36 0 4 40 107 0 0 0 0 0 0 0 0 0 0 0 0 0 0
0 0 0 0 0 1 1 4 0 12 0 4 40 40 0 0 0 0 0 0 0 0 0 0 0 0 0 0
0 0 0 0 0 2 2 35 0 137 0 8 167 448 0 0 0 0 0 0 1 24 0 132 0 0 0 309
0 0 0 0 0 0 0 0 0 0 0 0 0 0 0 0 0 0 0 0 0 0 0 0 0 0 0 0
0 0 0 0 0 0 0 6 0 35 0 0 0 83 0 0 0 0 0 0 0 0 0 0 0 0 0 0
0 0 0 0 0 0 1 13 0 49 0 0 108 198 0 0 0 0 0 0 0 0 0 0 0 0 0 0
0 0 0 0 1 1 1 21 0 59 0 55 198 198 0 0 0 0 0 0 0 0 0 0 0 0 0 0
0 0 0 0 1 1 1 10 0 37 0 40 40 107 0 0 0 0 0 0 0 0 0 0 0 0 0 0
0 0 0 0 1 1 1 6 0 17 0 40 40 53 0 0 0 0 0 0 0 0 0 0 0 0 0 0
0 0 0 0 1 1 1 13 0 39 0 40 69 138 0 0 0 0 0 0 1 3 0 14 0 0 21 54
0 0 0 0 0 0 0 6 0 35 0 0 0 83 0 0 0 0 0 0 0 0 0 0 0 0 0 0
0 0 0 0 0 0 0 0 0 0 0 0 0 0 0 0 0 0 0 0 0 0 0 0 0 0 0 0
0 0 0 0 1 1 2 49 0 158 0 85 265 530 0 0 0 0 0 0 0 0 0 0 0 0 0 0
0 0 0 0 0 0 1 2 0 9 0 0 21 40 0 0 0 0 0 0 0 0 0 0 0 0 0 0
0 0 0 0 0 0 1 8 0 36 0 0 21 107 0 0 0 0 0 0 0 0 0 0 0 0 0 0
0 0 0 0 1 1 1 22 0 52 0 52 160 176 0 0 0 0 0 0 0 0 0 0 0 0 0 0
0 0 0 0 1 1 1 19 0 52 0 81 157 177 0 0 0 0 0 0 0 0 0 0 0 0 0 0
0 0 0 0 0 0 0 6 0 35 0 0 0 83 0 0 0 0 0 0 0 0 0 0 0 0 0 0
0 0 0 0 0 0 0 2 0 12 0 0 0 30 0 0 0 0 0 0 0 0 0 0 0 0 0 0
0 0 0 0 0 0 0 6 0 35 0 0 0 83 0 0 0 0 0 0 0 0 0 0 0 0 0 0
0 0 0 0 0 1 1 9 0 36 0 4 40 107 0 0 0 0 0 0 0 0 0 0 0 0 0 0
0 0 0 0 0 1 1 4 0 12 0 4 40 40 0 0 0 0 0 0 0 0 0 0 0 0 0 0
0 0 0 0 1 1 1 17 0 41 0 50 84 138 0 0 0 0 0 0 1 3 0 14 0 0 21 54
0 0 0 0 0 0 0 5 0 27 0 0 0 64 0 0 0 0 0 0 0 0 0 0 0 0 0 0
0 0 0 0 0 0 0 6 0 35 0 0 0 83 0 0 0 0 0 0 0 0 0 0 0 0 0 0
0 0 0 0 0 0 0 6 0 35 0 0 0 83 0 0 0 0 0 0 0 0 0 0 0 0 0 0
0 0 0 0 0 1 1 5 0 15 0 4 40 53 0 0 0 0 0 0 0 0 0 0 0 0 0 0
0 0 0 0 1 1 1 11 0 38 0 40 57 125 0 0 0 0 0 0 0 0 0 0 0 0 0 0
0 0 0 0 0 1 1 5 0 15 0 4 40 53 0 0 0 0 0 0 0 0 0 0 0 0 0 0
0 0 0 0 1 1 1 10 0 37 0 40 40 107 0 0 0 0 0 0 0 0 0 0 0 0 0 0
0 0 0 0 0 0 0 6 0 35 0 0 0 83 0 0 0 0 0 0 0 0 0 0 0 0 0 0
0 0 0 0 0 0 0 0 0 0 0 0 0 0 0 0 0 0 0 0 0 0 0 0 0 0 0 0
0 0 1 0 1 2 4 137 0 583 0 70 377 1644 0 0 0 0 1 2 3 171 0 780 0 162 268 2017
0 0 0 0 0 1 1 14 0 49 0 4 126 198 0 0 0 0 0 0 0 0 0 0 0 0 0 0
0 0 0 0 1 1 1 24 0 78 0 40 130 281 0 0 0 0 0 0 0 2 0 14 0 0 0 34
0 0 0 0 1 1 1 12 0 37 0 40 40 107 0 0 0 0 0 0 0 0 0 0 0 0 0 0
0 0 0 0 1 1 1 25 0 55 0 160 160 161 0 0 0 0 0 0 1 3 0 14 0 0 21 54
0 0 0 0 0 0 0 6 0 35 0 0 0 83 0 0 0 0 0 0 0 0 0 0 0 0 0 0
0 0 0 0 0 0 0 2 0 12 0 0 0 30 0 0 0 0 0 0 0 0 0 0 0 0 0 0
0 0 0 0 1 1 1 12 0 39 0 43 71 125 0 0 0 0 0 0 0 0 0 0 0 0 0 0
0 0 0 0 1 1 1 10 0 37 0 40 40 107 0 0 0 0 0 0 0 0 0 0 0 0 0 0
0 0 0 0 0 0 0 1 0 7 0 0 0 16 0 0 0 0 0 0 0 0 0 0 0 0 0 0
0 0 0 0 1 1 1 12 0 37 0 40 40 107 0 0 0 0 0 0 0 0 0 0 0 0 0 0
0 0 0 0 0 0 0 0 0 0 0 0 0 0 0 0 0 0 0 0 0 0 0 0 0 0 0 0
0 0 0 0 0 0 0 6 0 35 0 0 0 83 0 0 0 0 0 0 0 0 0 0 0 0 0 0
0 0 0 0 0 0 1 13 0 49 0 0 108 198 0 0 0 0 0 0 0 0 0 0 0 0 0 0
0 0 0 0 1 1 1 22 0 59 0 55 198 198 0 0 0 0 0 0 0 0 0 0 0 0 0 0
0 0 0 0 1 1 1 5 0 13 0 40 40 40 0 0 0 0 0 0 0 0 0 0 0 0 0 0
0 0 0 0 0 1 1 40 0 143 0 7 349 576 0 0 0 0 0 0 0 0 0 0 0 0 0 0
1 1 1 1 2 3 4 216 40 386 185 1108 1108 1205 0 0 0 0 0 0 0 0 0 0 0 0 0 0
0 0 0 0 1 1 1 28 0 62 0 165 179 195 0 0 0 0 0 0 1 3 0 14 0 0 21 54
0 0 0 0 0 0 0 5 0 29 0 0 0 69 0 0 0 0 0 0 0 0 0 0 0 0 0 0
0 0 0 0 1 1 1 90 0 208 0 355 684 684 0 0 0 0 0 0 0 0 0 0 0 0 0 0
0 0 0 0 1 1 2 75 0 224 0 104 710 770 0 0 0 0 0 0 0 0 0 0 0 0 0 0
0 0 0 0 1 1 1 57 0 171 0 56 466 684 0 0 0 0 0 0 0 0 0 0 0 0 0 0
0 0 0 0 0 1 1 9 0 36 0 4 40 107 0 0 0 0 0 0 0 0 0 0 0 0 0 0
0 0 0 0 1 1 1 28 0 60 30 153 160 191 0 0 0 0 0 0 0 0 0 0 0 0 0 0
0 0 0 0 0 0 0 6 0 35 0 0 0 83 0 0 0 0 0 0 0 0 0 0 0 0 0 0
0 0 0 0 0 0 0 2 0 12 0 0 0 30 0 0 0 0 0 0 0 0 0 0 0 0 0 0
0 0 0 0 0 1 1 9 0 36 0 4 40 107 0 0 0 0 0 0 0 2 0 15 0 0 0 36
0 0 0 0 0 1 1 9 0 36 0 4 40 107 0 0 0 0 0 0 0 0 0 0 0 0 0 0
0 0 0 0 1 1 1 6 0 18 0 40 44 61 0 0 0 0 0 0 0 2 0 15 0 0 0 36
0 0 0 0 1 1 1 19 0 51 0 43 142 200 0 0 0 0 0 0 0 0 0 0 0 0 0 0
0 0 0 0 0 0 0 0 0 0 0 0 0 0 0 0 0 0 0 0 0 0 0 0 0 0 0 0
0 0 0 0 0 1 1 11 0 39 0 4 69 138 0 0 0 0 0 0 1 3 0 14 0 0 21 54
0 0 0 0 0 0 0 6 0 35 0 0 0 83 0 0 0 0 0 0 0 0 0 0 0 0 0 0
0 0 0 0 0 1 1 5 0 18 0 4 40 60 0 0 0 0 0 0 0 0 0 0 0 0 0 0
0 0 0 0 0 1 1 9 0 36 0 4 40 107 0 0 0 0 0 0 0 0 0 0 0 0 0 0
0 0 0 0 1 1 1 10 0 25 0 43 75 82 0 0 0 0 0 0 0 0 0 0 0 0 0 0
0 0 0 0 1 1 1 13 0 40 0 43 78 129 0 0 0 0 0 0 0 0 0 0 0 0 0 0
0 0 0 0 0 0 0 6 0 35 0 0 0 83 0 0 0 0 0 0 0 0 0 0 0 0 0 0
0 0 0 0 0 0 0 0 0 0 0 0 0 0 0 0 0 0 0 0 0 0 0 0 0 0 0 0
0 0 0 0 0 0 0 6 0 35 0 0 0 83 0 0 0 0 0 0 0 0 0 0 0 0 0 0
0 0 0 0 1 1 1 15 0 49 0 40 126 198 0 0 0 0 0 0 0 0 0 0 0 0 0 0
0 0 0 0 1 1 1 22 0 78 0 40 126 281 0 0 0 0 0 0 0 0 0 0 0 0 0 0
0 0 0 0 1 1 1 12 0 39 0 40 66 135 0 0 0 0 0 0 0 0 0 0 0 0 0 0
0 0 0 0 1 1 1 10 0 32 0 40 61 113 0 0 0 0 0 0 0 0 0 0 0 0 0 0
0 0 0 0 1 1 1 21 0 54 0 100 160 177 0 0 0 0 0 0 1 3 0 14 0 0 21 54
0 0 0 0 0 0 0 2 0 12 0 0 0 30 0 0 0 0 0 0 0 0 0 0 0 0 0 0
0 0 0 0 0 0 0 6 0 35 0 0 0 83 0 0 0 0 0 0 0 0 0 0 0 0 0 0
0 0 0 0 1 1 1 12 0 38 0 40 61 130 0 0 0 0 0 0 0 0 0 0 0 0 0 0
0 0 0 0 1 1 1 6 0 14 0 40 40 40 0 0 0 0 0 0 0 0 0 0 0 0 0 0
0 0 0 0 1 1 1 12 0 37 0 40 40 107 0 0 0 0 0 0 0 0 0 0 0 0 0 0
0 0 0 0 0 0 0 0 0 0 0 0 0 0 0 0 0 0 0 0 0 0 0 0 0 0 0 0
0 0 0 0 0 0 0 6 0 35 0 0 0 83 0 0 0 0 0 0 0 0 0 0 0 0 0 0
0 0 0 0 0 0 1 13 0 49 0 0 108 198 0 0 0 0 0 0 0 0 0 0 0 0 0 0
0 0 0 0 1 1 1 12 0 39 0 40 66 134 0 0 0 0 0 0 0 0 0 0 0 0 0 0
0 0 0 0 0 0 0 6 0 35 0 0 0 83 0 0 0 0 0 0 0 0 0 0 0 0 0 0
0 0 0 0 1 1 1 6 0 17 0 40 40 53 0 0 0 0 0 0 0 0 0 0 0 0 0 0
1 0 3 1 1 2 9 345 0 1703 57 88 182 4112 1 0 4 0 1 1 11 616 0 3149 0 52 395 7769
0 0 0 0 1 1 1 14 0 39 0 57 60 121 0 0 0 0 1 1 1 33 0 140 0 52 52 359
0 0 0 0 0 0 1 4 0 18 0 0 21 62 0 0 0 0 0 0 1 3 0 14 0 0 21 54
0 0 0 0 0 0 0 6 0 35 0 0 0 83 0 0 0 0 0 0 0 0 0 0 0 0 0 0
0 0 0 0 1 1 1 46 0 151 30 73 168 488 0 0 0 0 0 0 0 0 0 0 0 0 0 0
0 0 0 0 1 1 1 10 0 37 0 40 40 107 0 0 0 0 0 0 0 0 0 0 0 0 0 0
0 0 0 0 1 1 1 14 0 39 0 40 61 130 0 0 0 0 0 0 0 0 0 0 0 0 0 0
0 0 0 0 0 0 1 3 0 14 0 0 21 53 0 0 0 0 0 0 0 0 0 0 0 0 0 0
0 0 0 0 1 1 1 28 0 63 0 160 161 177 0 0 0 0 0 0 0 0 0 0 0 0 0 0
0 0 0 0 0 0 0 2 0 12 0 0 0 30 0 0 0 0 0 0 0 0 0 0 0 0 0 0
0 0 0 0 0 0 0 6 0 35 0 0 0 83 0 0 0 0 0 0 0 0 0 0 0 0 0 0
0 0 0 0 1 1 1 12 0 37 0 40 40 107 0 0 0 0 0 0 0 0 0 0 0 0 0 0
0 0 0 0 0 0 0 1 0 7 0 0 0 16 0 0 0 0 0 0 0 0 0 0 0 0 0 0
0 0 0 0 1 1 2 22 0 51 0 73 142 195 0 0 0 0 0 0 0 0 0 0 0 0 0 0
1 0 3 0 4 8 11 228 0 577 0 730 1666 2165 2 0 8 0 8 11 24 2722 0 11287 0 1781 9266 34763
0 0 1 0 0 1 4 126 0 637 0 4 128 1609 0 0 1 0 0 1 5 161 0 853 0 4 46 2028
0 0 0 0 0 1 1 11 0 39 0 4 69 138 0 0 0 0 0 0 1 3 0 14 0 0 21 54
0 0 1 1 2 3 5 210 0 677 49 556 912 2175 0 0 1 0 2 4 5 499 0 1637 39 658 3914 6589
0 0 0 0 1 1 1 13 0 37 0 40 44 111 0 0 0 0 0 0 0 0 0 0 0 0 0 0
0 0 1 1 2 4 7 498 0 1756 40 243 3796 6993 0 0 1 0 2 3 4 186 0 779 30 240 298 2017
0 0 0 0 0 1 1 9 0 36 0 4 40 107 0 0 0 0 0 0 0 0 0 0 0 0 0 0
0 0 0 0 0 0 0 6 0 35 0 0 0 83 0 0 0 0 0 0 0 0 0 0 0 0 0 0
0 0 0 0 0 0 0 0 0 0 0 0 0 0 0 0 0 0 0 0 0 0 0 0 0 0 0 0
0 0 0 0 0 0 0 6 0 35 0 0 0 83 0 0 0 0 0 0 0 0 0 0 0 0 0 0
0 0 0 0 1 1 1 17 0 49 0 40 126 198 0 0 0 0 0 0 0 0 0 0 0 0 0 0
0 0 0 0 1 1 1 25 0 59 0 55 198 198 0 0 0 0 0 0 0 0 0 0 0 0 0 0
0 0 0 0 0 0 1 8 0 36 0 0 21 107 0 0 0 0 0 0 0 0 0 0 0 0 0 0
0 0 0 0 1 1 1 5 0 14 0 40 40 43 0 0 0 0 0 0 0 0 0 0 0 0 0 0
0 0 0 0 1 1 1 28 0 63 0 160 161 177 0 0 0 0 0 0 0 0 0 0 0 0 0 0
0 0 0 0 0 0 1 3 0 14 0 0 22 54 0 0 0 0 0 0 0 1 0 9 0 0 0 21
0 0 0 0 1 1 1 17 0 44 0 46 108 153 0 0 0 0 1 1 1 7 0 19 0 41 52 61
0 0 0 0 1 1 1 13 0 39 0 40 61 130 0 0 0 0 0 0 0 0 0 0 0 0 0 0
0 0 0 0 0 0 0 1 0 7 0 0 0 16 0 0 0 0 0 0 0 0 0 0 0 0 0 0
0 0 0 0 0 0 1 8 0 36 0 0 21 107 0 0 0 0 0 0 0 0 0 0 0 0 0 0
0 0 1 0 0 0 3 18 0 92 0 0 21 239 0 0 0 0 0 0 0 0 0 0 0 0 0 0
0 0 0 0 0 0 0 6 0 35 0 0 0 83 0 0 0 0 0 0 0 0 0 0 0 0 0 0
0 0 0 0 0 0 1 13 0 49 0 0 108 198 0 0 0 0 0 0 0 0 0 0 0 0 0 0
0 0 0 0 1 1 1 22 0 59 0 63 198 198 0 0 0 0 0 0 0 0 0 0 0 0 0 0
0 0 0 0 1 1 1 14 0 40 0 43 75 130 0 0 0 0 0 0 0 0 0 0 0 0 0 0
0 0 0 0 0 1 1 5 0 16 0 4 44 58 0 0 0 0 0 0 0 0 0 0 0 0 0 0
0 0 0 0 1 1 1 12 0 37 0 40 40 107 0 0 0 0 0 0 0 3 0 18 0 0 0 43
0 0 0 0 0 0 0 6 0 35 0 0 0 83 0 0 0 0 0 0 0 0 0 0 0 0 0 0
0 0 0 0 0 0 0 1 0 7 0 0 0 16 0 0 0 0 0 0 0 2 0 15 0 0 0 35
0 0 0 0 0 1 1 11 0 39 0 4 69 138 0 0 0 0 0 0 1 3 0 14 0 0 21 54
0 0 0 0 1 2 3 49 0 158 0 73 237 558 0 0 0 0 0 0 1 3 0 11 0 0 21 45
0 0 0 0 1 1 1 14 0 37 0 40 41 107 0 0 0 0 0 0 1 3 0 12 0 0 28 52
0 0 0 0 0 1 1 9 0 36 0 4 40 107 0 0 0 0 0 0 0 0 0 0 0 0 0 0
0 0 0 0 0 1 1 8 0 30 0 4 58 106 0 0 0 0 0 0 0 0 0 0 0 0 0 0
0 0 0 0 1 1 1 19 0 49 0 78 123 176 0 0 0 0 0 0 0 0 0 0 0 0 0 0
0 0 0 0 1 1 1 19 0 49 0 80 160 161 0 0 0 0 0 0 0 2 0 15 0 0 0 35
0 0 0 0 0 0 1 10 0 41 0 0 65 153 0 0 0 0 0 0 0 3 0 18 0 0 0 43
0 0 0 0 1 1 1 18 0 41 0 71 75 130 0 0 0 0 0 0 0 1 0 7 0 0 0 16
0 0 0 0 1 1 1 10 0 20 0 40 40 56 0 0 0 0 0 0 0 0 0 0 0 0 0 0
0 0 0 0 0 1 1 14 0 45 0 7 116 172 0 0 0 0 0 0 0 0 0 0 0 0 0 0
0 0 0 0 0 0 0 2 0 14 0 0 0 33 0 0 0 0 0 0 1 4 0 25 0 0 0 60
0 0 0 0 0 0 1 9 0 38 0 0 43 130 0 0 0 0 0 0 1 4 0 25 0 0 0 60
0 0 0 0 0 1 1 19 0 68 0 5 133 256 0 0 0 0 0 0 1 131 0 705 0 0 0 1650
0 0 0 0 1 1 3 42 0 184 0 44 87 486 0 0 0 0 1 2 2 27 0 81 0 78 163 285
0 0 0 0 1 1 1 12 0 37 0 40 44 111 0 0 0 0 0 0 0 0 0 0 0 0 0 0
0 0 0 0 1 1 1 15 0 30 0 71 71 92 0 0 0 0 0 0 0 0 0 0 0 0 0 0
0 0 0 0 1 1 1 10 0 37 0 40 40 107 0 0 0 0 0 0 0 1 0 9 0 0 0 21
0 0 0 0 1 1 1 75 0 206 0 248 684 684 0 0 0 0 0 0 0 0 0 0 0 0 0 0
0 0 0 0 0 0 1 45 0 170 0 0 376 684 0 0 0 0 0 0 0 0 0 0 0 0 0 0
0 0 0 0 0 0 1 29 0 126 0 0 109 403 0 0 0 0 0 0 0 0 0 0 0 0 0 0
0 0 0 0 1 1 1 41 0 129 0 55 198 402 0 0 0 0 0 0 0 0 0 0 0 0 0 0
0 0 0 0 0 1 1 14 0 49 0 4 126 198 0 0 0 0 0 0 0 0 0 0 0 0 0 0
0 0 0 0 1 1 1 12 0 37 0 40 44 111 0 0 0 0 0 0 0 0 0 0 0 0 0 0
0 0 0 0 0 0 0 1 0 8 0 0 0 20 0 0 0 0 0 0 0 0 0 0 0 0 0 0
0 0 0 0 0 0 0 6 0 35 0 0 0 83 0 0 0 0 0 0 0 0 0 0 0 0 0 0
0 0 0 0 1 1 1 23 0 55 0 160 160 161 0 0 0 0 0 0 0 0 0 0 0 0 0 0
0 0 0 0 0 0 1 9 0 38 0 0 43 130 0 0 0 0 0 0 0 0 0 0 0 0 0 0
0 0 1 0 1 1 3 32 0 93 30 45 152 321 0 0 0 0 0 0 1 3 0 14 0 0 21 54
0 0 0 0 0 0 1 2 0 9 0 0 21 40 0 0 0 0 0 0 0 0 0 0 0 0 0 0
0 0 0 0 1 1 1 10 0 37 0 40 40 107 0 0 0 0 0 0 0 0 0 0 0 0 0 0
0 0 0 0 0 0 0 1 0 7 0 0 0 16 0 0 0 0 0 0 0 0 0 0 0 0 0 0
0 0 0 0 0 0 1 8 0 36 0 0 22 107 0 0 0 0 0 0 0 1 0 9 0 0 0 21
0 0 0 0 0 0 1 13 0 49 0 0 108 198 0 0 0 0 0 0 0 0 0 0 0 0 0 0
0 0 0 0 1 1 1 23 0 59 0 55 198 198 0 0 0 0 0 0 0 2 0 14 0 0 0 34
0 0 0 0 0 1 1 10 0 38 0 4 61 130 0 0 0 0 0 0 0 0 0 0 0 0 0 0
0 0 0 0 0 1 1 6 0 19 0 4 57 75 0 0 0 0 0 0 0 0 0 0 0 0 0 0
0 0 0 0 1 1 1 21 0 43 30 78 79 130 0 0 0 0 0 0 0 0 0 0 0 0 0 0
0 0 0 0 0 0 0 6 0 35 0 0 0 83 0 0 0 0 0 0 0 0 0 0 0 0 0 0
0 0 0 0 0 0 0 0 0 0 0 0 0 0 0 0 0 0 0 0 0 0 0 0 0 0 0 0
0 0 0 0 0 0 0 6 0 35 0 0 0 83 0 0 0 0 0 0 0 0 0 0 0 0 0 0
0 0 0 1 2 2 3 53 0 155 40 84 229 530 0 0 0 0 0 0 0 0 0 0 0 0 0 0
0 0 0 0 1 1 1 13 0 39 0 40 69 138 0 0 0 0 0 0 1 3 0 14 0 0 21 54
0 0 0 0 1 1 1 13 0 45 0 40 59 144 0 0 0 0 0 0 0 2 0 13 0 0 0 31
1 0 2 2 6 7 8 791 0 2026 213 1721 6443 7369 2 0 3 4 9 10 12 2230 0 4519 580 9133 11837 14866
0 0 1 0 0 2 4 38 0 122 0 20 334 470 0 0 1 0 0 2 5 233 0 1050 0 0 689 3145
0 0 0 0 1 1 1 23 0 55 0 160 160 161 0 0 0 0 0 0 0 0 0 0 0 0 0 0
0 0 0 0 0 0 1 8 0 36 0 0 22 107 0 0 0 0 0 0 0 1 0 9 0 0 0 21
0 0 0 0 1 1 1 14 0 37 0 40 40 107 0 0 0 0 0 0 0 0 0 0 0 0 0 0
0 0 0 0 1 1 1 6 0 14 0 40 40 40 0 0 0 0 0 0 0 0 0 0 0 0 0 0
0 0 0 0 1 1 1 16 0 50 0 43 138 195 0 0 0 0 0 0 0 0 0 0 0 0 0 0
0 0 0 0 0 0 0 0 0 0 0 0 0 0 0 0 0 0 0 0 0 0 0 0 0 0 0 0
0 0 0 0 0 0 0 6 0 35 0 0 0 83 0 0 0 0 0 0 0 0 0 0 0 0 0 0
0 0 0 0 0 0 0 6 0 35 0 0 0 83 0 0 0 0 0 0 0 0 0 0 0 0 0 0
0 0 0 0 0 1 1 5 0 17 0 4 40 56 0 0 0 0 0 0 0 0 0 0 0 0 0 0
0 0 0 0 1 1 1 12 0 39 0 40 69 138 0 0 0 0 0 0 1 3 0 14 0 0 21 54
0 0 0 0 1 1 1 6 0 17 0 40 40 53 0 0 0 0 0 0 0 0 0 0 0 0 0 0
0 0 0 0 0 1 2 13 0 47 0 4 83 170 0 0 0 0 0 0 0 0 0 0 0 0 0 0
0 0 0 0 0 0 0 6 0 35 0 0 0 83 0 0 0 0 0 0 0 0 0 0 0 0 0 0
0 0 0 0 0 0 0 0 0 0 0 0 0 0 0 0 0 0 0 0 0 0 0 0 0 0 0 0
0 0 2 0 1 1 5 154 0 673 0 168 386 1881 0 0 2 0 0 0 5 142 0 674 0 0 296 1881
0 0 0 1 1 1 2 46 0 108 40 168 198 341 0 0 0 0 0 0 0 18 0 96 0 0 0 226
0 0 0 0 1 1 1 40 0 108 0 168 198 341 0 0 0 0 0 0 1 19 0 97 0 0 28 256
0 0 0 0 0 0 1 9 0 43 0 0 21 123 0 0 0 0 0 0 0 0 0 0 0 0 0 0
0 0 0 0 0 0 0 0 0 0 0 0 0 0 0 0 0 0 0 0 0 0 0 0 0 0 0 0
0 0 2 0 1 6 9 840 0 3087 0 98 6227 12082 0 0 1 0 0 2 4 151 0 725 0 9 262 1929
0 0 0 0 0 0 0 2 0 12 0 0 0 30 0 0 0 0 0 0 0 0 0 0 0 0 0 0
0 0 0 0 1 1 1 24 0 58 0 160 160 177 0 0 0 0 0 0 0 0 0 0 0 0 0 0
0 0 0 0 1 1 1 13 0 39 0 40 65 130 0 0 0 0 0 0 0 0 0 0 0 0 0 0
0 0 0 0 1 1 1 8 0 20 0 40 40 62 0 0 0 0 0 0 1 3 0 14 0 0 21 54
0 0 0 0 1 1 1 10 0 37 0 40 40 107 0 0 0 0 0 0 0 0 0 0 0 0 0 0
0 0 0 0 0 0 0 0 0 0 0 0 0 0 0 0 0 0 0 0 0 0 0 0 0 0 0 0
0 0 0 0 0 0 0 6 0 35 0 0 0 83 0 0 0 0 0 0 0 0 0 0 0 0 0 0
0 0 0 0 0 0 1 13 0 49 0 0 108 198 0 0 0 0 0 0 0 0 0 0 0 0 0 0
0 0 0 0 1 1 1 17 0 49 0 40 126 198 0 0 0 0 0 0 0 0 0 0 0 0 0 0
0 0 0 0 1 1 1 10 0 37 0 40 40 107 0 0 0 0 0 0 0 0 0 0 0 0 0 0
0 0 0 0 1 1 1 9 0 18 0 40 40 53 0 0 0 0 0 0 0 0 0 0 0 0 0 0
0 0 0 0 0 1 1 10 0 43 0 4 40 124 0 0 0 0 0 0 0 1 0 9 0 0 0 21
