0 0 1 0 0 1 1 88 0 600 0 0 160 161 0 0 1 0 0 0 0 102 0 780 0 0 0 42
0 0 0 0 0 0 0 0 0 5 0 0 0 0 0 0 0 0 0 0 0 0 0 0 0 0 0 0
0 0 0 0 0 0 0 1 0 7 0 0 0 32 0 0 0 0 0 0 0 0 0 0 0 0 0 0
0 0 0 0 0 0 0 1 0 7 0 0 0 32 0 0 0 0 0 0 0 0 0 0 0 0 0 0
0 0 0 0 0 0 0 0 0 5 0 0 0 0 0 0 0 0 0 0 0 0 0 0 0 0 0 0
0 0 0 0 0 0 0 0 0 0 0 0 0 0 0 0 0 0 0 0 0 0 0 0 0 0 0 0
0 0 0 0 0 1 1 21 0 112 0 0 73 274 0 0 0 0 0 0 0 0 0 0 0 0 0 0
0 0 0 0 1 1 1 24 0 113 0 40 74 278 0 0 0 0 0 0 0 1 0 10 0 0 0 32
0 0 0 0 0 1 1 4 0 15 0 0 40 40 0 0 0 0 0 0 0 1 0 10 0 0 0 32
0 0 0 0 0 0 0 1 0 7 0 0 0 32 0 0 0 0 0 0 0 0 0 0 0 0 0 0
0 0 0 0 0 0 0 1 0 7 0 0 0 32 0 0 0 0 0 0 0 0 0 5 0 0 0 0
0 0 0 0 0 0 0 1 0 7 0 0 0 32 0 0 0 0 0 0 0 0 0 5 0 0 0 0
0 0 0 0 0 0 0 0 0 0 0 0 0 0 0 0 0 0 0 0 0 0 0 0 0 0 0 0
0 0 0 0 0 0 0 1 0 7 0 0 0 32 0 0 0 0 0 0 0 0 0 0 0 0 0 0
0 0 0 0 0 0 1 2 0 8 0 0 1 40 0 0 0 0 0 0 0 0 0 0 0 0 0 0
0 0 0 0 0 0 0 0 0 5 0 0 0 0 0 0 0 0 0 0 0 0 0 0 0 0 0 0
0 0 0 0 0 0 0 0 0 0 0 0 0 0 0 0 0 0 0 0 0 0 0 0 0 0 0 0
0 0 0 0 0 0 0 0 0 0 0 0 0 0 0 0 0 0 0 0 0 0 0 0 0 0 0 0
0 0 0 0 0 0 0 0 0 0 0 0 0 0 0 0 0 0 0 0 0 0 0 0 0 0 0 0
0 0 0 0 0 0 0 0 0 0 0 0 0 0 0 0 0 0 0 0 0 0 0 0 0 0 0 0
0 0 0 0 0 1 1 11 0 40 0 0 160 160 0 0 0 0 0 0 0 0 0 0 0 0 0 0
0 0 0 0 1 1 1 14 0 41 0 40 160 160 0 0 0 0 0 0 0 1 0 10 0 0 0 32
0 0 0 0 0 1 1 3 0 14 0 0 40 40 0 0 0 0 0 0 0 1 0 10 0 0 0 32
0 0 0 0 0 0 0 0 0 0 0 0 0 0 0 0 0 0 0 0 0 0 0 0 0 0 0 0
0 0 0 0 0 0 0 0 0 0 0 0 0 0 0 0 0 0 0 0 0 0 0 0 0 0 0 0
0 0 0 0 0 0 0 0 0 0 0 0 0 0 0 0 0 0 0 0 0 0 0 0 0 0 0 0
0 0 0 0 0 0 0 0 0 0 0 0 0 0 0 0 0 0 0 0 0 0 0 0 0 0 0 0
0 0 0 0 0 0 0 0 0 0 0 0 0 0 0 0 0 0 0 0 0 0 0 0 0 0 0 0
0 0 0 0 0 0 0 0 0 5 0 0 0 0 0 0 0 0 0 0 0 0 0 0 0 0 0 0
0 0 0 0 0 0 1 2 0 8 0 0 1 40 0 0 0 0 0 0 0 0 0 0 0 0 0 0
0 0 0 0 0 0 0 1 0 7 0 0 0 32 0 0 0 0 0 0 0 0 0 0 0 0 0 0
0 0 0 0 0 0 0 0 0 0 0 0 0 0 0 0 0 0 0 0 0 0 0 0 0 0 0 0
0 0 0 0 0 0 0 0 0 0 0 0 0 0 0 0 0 0 0 0 0 0 0 0 0 0 0 0
0 0 0 0 0 0 0 0 0 0 0 0 0 0 0 0 0 0 0 0 0 0 0 0 0 0 0 0
0 0 0 0 0 0 0 1 0 7 0 0 0 32 0 0 0 0 0 0 0 0 0 0 0 0 0 0
0 0 0 0 0 1 1 3 0 14 0 0 40 40 0 0 0 0 0 0 0 1 0 10 0 0 0 32
0 0 0 0 0 0 1 2 0 13 0 0 1 40 0 0 0 0 0 0 0 1 0 10 0 0 0 32
0 0 0 0 0 0 0 0 0 5 0 0 0 0 0 0 0 0 0 0 0 0 0 0 0 0 0 0
0 0 0 0 0 0 0 0 0 0 0 0 0 0 0 0 0 0 0 0 0 0 0 0 0 0 0 0
0 0 0 0 0 0 0 0 0 5 0 0 0 0 0 0 0 0 0 0 0 1 0 11 0 0 0 0
0 0 0 0 0 1 1 12 0 42 0 0 160 160 0 0 0 0 0 0 0 1 0 11 0 0 0 0
0 0 0 0 0 1 1 11 0 42 0 0 160 160 0 0 0 0 0 0 0 0 0 0 0 0 0 0
0 0 3 0 0 1 7 31 0 169 0 0 40 511 0 0 3 0 0 0 7 29 0 169 0 0 0 504
0 0 3 0 0 1 7 31 0 169 0 0 40 511 0 0 3 0 0 0 7 29 0 169 0 0 0 504
0 0 0 0 0 0 0 0 0 0 0 0 0 0 0 0 0 0 0 0 0 0 0 0 0 0 0 0
0 0 0 0 0 0 0 0 0 0 0 0 0 0 0 0 0 0 0 0 0 0 0 0 0 0 0 0
0 0 0 0 0 1 1 21 0 112 0 0 73 274 0 0 0 0 0 0 0 0 0 0 0 0 0 0
0 0 0 0 0 1 1 21 0 112 0 0 73 274 0 0 0 0 0 0 0 0 0 0 0 0 0 0
0 0 4 0 0 0 1 32 0 238 0 0 1 46 0 0 4 0 0 0 0 31 0 238 0 0 0 0
0 0 4 0 0 1 1 34 0 238 0 0 40 85 0 0 4 0 0 0 1 32 0 238 0 0 1 67
0 0 0 0 0 0 0 2 0 12 0 0 0 32 0 0 0 0 0 0 0 1 0 10 0 0 0 32
0 0 0 0 0 0 0 0 0 0 0 0 0 0 0 0 0 0 0 0 0 0 0 0 0 0 0 0
0 0 0 0 0 0 0 0 0 0 0 0 0 0 0 0 0 0 0 0 0 0 0 0 0 0 0 0
0 0 0 0 0 0 1 3 0 13 0 0 1 65 0 0 0 0 0 0 0 0 0 0 0 0 0 0
0 0 0 0 0 0 1 3 0 13 0 0 1 65 0 0 0 0 0 0 0 0 0 0 0 0 0 0
0 0 0 0 0 0 0 1 0 7 0 0 0 32 0 0 0 0 0 0 0 0 0 0 0 0 0 0
0 0 0 0 0 0 0 1 0 7 0 0 0 32 0 0 0 0 0 0 0 0 0 0 0 0 0 0
0 0 0 0 0 0 0 0 0 0 0 0 0 0 0 0 0 0 0 0 0 0 0 0 0 0 0 0
0 0 0 0 0 0 0 0 0 0 0 0 0 0 0 0 0 0 0 0 0 0 0 0 0 0 0 0
0 0 0 0 0 0 0 0 0 0 0 0 0 0 0 0 0 0 0 0 0 0 0 0 0 0 0 0
0 0 0 0 0 1 1 8 0 35 0 0 45 160 0 0 0 0 0 0 0 0 0 0 0 0 0 0
0 0 0 0 0 1 1 12 0 40 0 4 160 160 0 0 0 0 0 0 0 0 0 0 0 0 0 0
0 0 0 0 0 1 1 6 0 25 0 0 41 91 0 0 0 0 0 0 0 1 0 10 0 0 0 32
0 0 0 0 0 0 0 2 0 15 0 0 0 65 0 0 0 0 0 0 0 1 0 10 0 0 0 32
0 0 0 0 0 0 0 0 0 0 0 0 0 0 0 0 0 0 0 0 0 0 0 0 0 0 0 0
0 0 0 0 0 0 0 0 0 0 0 0 0 0 0 0 0 0 0 0 0 0 0 0 0 0 0 0
0 0 0 0 0 0 0 0 0 5 0 0 0 0 0 0 0 0 0 0 0 0 0 0 0 0 0 0
0 0 0 0 0 0 0 1 0 7 0 0 0 32 0 0 0 0 0 0 0 0 0 0 0 0 0 0
0 0 0 0 0 0 0 0 0 5 0 0 0 0 0 0 0 0 0 0 0 0 0 0 0 0 0 0
0 0 2 0 3 6 6 164 0 570 0 408 908 1764 0 0 2 0 2 5 10 283 0 1405 0 82 606 4183
0 0 2 0 3 6 6 164 0 570 0 408 908 1764 0 0 2 0 2 5 10 285 0 1405 10 82 606 4183
0 0 0 0 0 1 1 4 0 15 0 0 40 72 0 0 0 0 1 1 2 11 0 37 0 52 80 148
0 0 0 0 0 1 1 4 0 15 0 0 40 72 0 0 0 0 0 1 2 10 0 37 0 5 80 148
0 0 0 0 0 0 0 0 0 0 0 0 0 0 0 0 0 0 0 0 0 0 0 6 0 0 0 0
0 0 0 0 0 0 0 0 0 5 0 0 0 0 0 0 0 0 0 0 0 1 0 9 0 0 0 42
0 0 0 0 0 0 0 1 0 7 0 0 0 32 0 0 0 0 0 0 0 1 0 9 0 0 0 42
0 0 0 0 0 1 1 3 0 14 0 0 40 40 0 0 0 0 0 0 0 1 0 10 0 0 0 32
0 0 0 0 0 0 1 2 0 13 0 0 1 40 0 0 0 0 0 0 0 1 0 10 0 0 0 32
0 0 0 0 0 0 0 0 0 0 0 0 0 0 0 0 0 0 0 0 0 0 0 0 0 0 0 0
0 0 0 0 0 0 0 0 0 0 0 0 0 0 0 0 0 0 0 0 0 0 0 0 0 0 0 0
0 0 0 0 0 0 0 1 0 7 0 0 0 32 0 0 0 0 0 0 0 1 0 9 0 0 0 42
0 0 0 0 0 1 1 12 0 40 0 4 160 160 0 0 0 0 0 0 0 1 0 9 0 0 0 42
0 0 0 0 0 1 1 11 0 40 0 0 160 160 0 0 0 0 0 0 0 0 0 0 0 0 0 0
0 0 0 0 0 0 0 0 0 5 0 0 0 0 0 0 0 0 0 0 0 0 0 0 0 0 0 0
0 0 0 0 0 0 0 0 0 0 0 0 0 0 0 0 0 0 0 0 0 0 0 0 0 0 0 0
0 0 0 0 0 0 0 0 0 0 0 0 0 0 0 0 0 0 0 0 0 0 0 0 0 0 0 0
0 0 0 0 0 0 0 5 0 41 0 0 0 32 0 0 0 0 0 0 0 0 0 0 0 0 0 0
0 0 0 0 0 1 2 22 0 113 0 0 74 281 0 0 0 0 0 0 0 0 0 0 0 0 0 0
0 0 0 0 0 1 1 17 0 106 0 0 41 105 0 0 0 0 0 0 0 0 0 0 0 0 0 0
0 0 0 0 0 0 0 0 0 5 0 0 0 0 0 0 0 0 0 0 0 0 0 0 0 0 0 0
0 0 0 0 0 0 0 2 0 12 0 0 0 32 0 0 0 0 0 0 0 1 0 10 0 0 0 32
0 0 0 0 0 0 0 2 0 12 0 0 0 32 0 0 0 0 0 0 0 1 0 10 0 0 0 32
0 0 0 0 0 0 0 0 0 0 0 0 0 0 0 0 0 0 0 0 0 0 0 0 0 0 0 0
0 0 0 0 0 0 0 0 0 5 0 0 0 0 0 0 0 0 0 0 0 0 0 0 0 0 0 0
0 0 0 0 0 0 0 1 0 7 0 0 0 32 0 0 0 0 0 0 0 0 0 0 0 0 0 0
0 0 0 0 0 0 0 0 0 5 0 0 0 0 0 0 0 0 0 0 0 0 0 0 0 0 0 0
0 0 0 0 0 0 0 0 0 5 0 0 0 0 0 0 0 0 0 0 0 0 0 0 0 0 0 0
0 0 0 0 0 0 0 0 0 5 0 0 0 0 0 0 0 0 0 0 0 0 0 0 0 0 0 0
0 0 0 0 0 0 0 0 0 0 0 0 0 0 0 0 0 0 0 0 0 0 0 0 0 0 0 0
0 0 0 0 0 0 0 0 0 0 0 0 0 0 0 0 0 0 0 0 0 0 0 0 0 0 0 0
0 0 0 0 0 0 0 1 0 7 0 0 0 32 0 0 0 0 0 0 0 0 0 0 0 0 0 0
0 0 0 0 1 1 1 12 0 40 0 40 160 160 0 0 0 0 0 0 0 0 0 0 0 0 0 0
0 0 0 0 0 1 1 11 0 40 0 0 160 160 0 0 0 0 0 0 0 0 0 0 0 0 0 0
0 0 0 0 0 0 0 0 0 0 0 0 0 0 0 0 0 0 0 0 0 0 0 0 0 0 0 0
0 0 0 0 0 0 0 2 0 12 0 0 0 32 0 0 0 0 0 0 0 1 0 10 0 0 0 32
0 0 0 0 0 0 0 2 0 12 0 0 0 32 0 0 0 0 0 0 0 1 0 10 0 0 0 32
0 0 0 0 0 0 1 57 0 428 0 0 0 100 0 0 1 0 0 0 3 80 0 548 0 0 0 487
0 0 0 0 0 0 1 57 0 428 0 0 0 100 0 0 1 0 0 0 3 80 0 548 0 0 0 487
0 0 0 0 0 0 0 1 0 7 0 0 0 32 0 0 0 0 0 0 0 0 0 0 0 0 0 0
0 0 0 0 0 0 1 2 0 8 0 0 1 40 0 0 0 0 0 0 0 0 0 0 0 0 0 0
0 0 0 0 0 0 0 0 0 5 0 0 0 0 0 0 0 0 0 0 0 0 0 0 0 0 0 0
0 0 0 0 0 0 0 0 0 0 0 0 0 0 0 0 0 0 0 0 0 0 0 0 0 0 0 0
0 0 0 0 0 0 0 0 0 0 0 0 0 0 0 0 0 0 0 0 0 0 0 0 0 0 0 0
0 0 0 0 0 0 0 0 0 5 0 0 0 0 0 0 0 0 0 0 0 0 0 0 0 0 0 0
0 0 0 0 0 0 0 1 0 7 0 0 0 32 0 0 0 0 0 0 0 0 0 0 0 0 0 0
0 0 0 0 0 0 0 1 0 7 0 0 0 32 0 0 0 0 0 0 0 0 0 0 0 0 0 0
0 0 0 0 0 0 0 0 0 5 0 0 0 0 0 0 0 0 0 0 0 0 0 0 0 0 0 0
0 0 0 0 0 0 0 2 0 12 0 0 0 32 0 0 0 0 0 0 0 1 0 10 0 0 0 32
0 0 0 0 0 0 0 2 0 12 0 0 0 32 0 0 0 0 0 0 0 1 0 10 0 0 0 32
0 0 0 0 0 0 0 0 0 0 0 0 0 0 0 0 0 0 0 0 0 0 0 0 0 0 0 0
0 0 0 0 0 0 0 1 0 7 0 0 0 32 0 0 0 0 0 0 0 0 0 0 0 0 0 0
0 0 0 0 0 1 1 9 0 35 0 0 45 160 0 0 0 0 0 0 0 0 0 0 0 0 0 0
0 0 0 0 0 1 1 11 0 40 0 0 160 160 0 0 0 0 0 0 0 0 0 0 0 0 0 0
0 0 1 0 1 3 8 99 0 459 0 41 386 1114 0 0 5 0 0 2 9 981 0 7188 0 0 369 1536
0 0 1 0 1 4 8 110 0 465 0 62 695 1114 1 0 5 0 1 6 10 1261 0 7399 0 71 1751 12468
0 0 0 0 0 0 2 14 0 89 0 0 0 131 0 0 1 0 0 0 4 279 0 1903 0 0 0 1640
0 0 0 0 0 1 2 74 0 463 0 4 56 523 0 0 0 0 0 1 4 129 0 849 0 0 68 608
0 0 1 0 1 2 3 97 0 472 0 73 333 783 0 0 0 0 0 1 4 129 0 849 0 0 68 608
0 0 0 0 1 1 1 23 0 112 0 40 73 274 0 0 0 0 0 0 0 0 0 0 0 0 0 0
0 0 0 0 0 0 0 0 0 0 0 0 0 0 0 0 0 0 0 0 0 0 0 0 0 0 0 0
0 0 0 0 0 0 0 0 0 0 0 0 0 0 0 0 0 0 0 0 0 0 0 0 0 0 0 0
0 0 0 0 0 0 0 2 0 12 0 0 0 32 0 0 0 0 0 0 0 1 0 10 0 0 0 32
0 0 0 0 0 0 0 2 0 12 0 0 0 32 0 0 0 0 0 0 0 1 0 10 0 0 0 32
0 0 0 0 0 0 0 0 0 0 0 0 0 0 0 0 0 0 0 0 0 0 0 0 0 0 0 0
0 0 0 0 0 0 0 0 0 0 0 0 0 0 0 0 0 0 0 0 0 0 0 0 0 0 0 0
0 0 0 0 0 0 0 1 0 7 0 0 0 32 0 0 0 0 0 0 0 0 0 0 0 0 0 0
0 0 0 0 0 0 1 2 0 8 0 0 1 40 0 0 0 0 0 0 0 0 0 0 0 0 0 0
0 0 0 0 0 0 0 0 0 5 0 0 0 0 0 0 0 0 0 0 0 0 0 0 0 0 0 0
0 0 0 0 0 0 0 0 0 0 0 0 0 0 0 0 0 0 0 0 0 0 0 0 0 0 0 0
0 0 0 0 0 0 0 0 0 5 0 0 0 0 0 0 0 0 0 0 0 0 0 6 0 0 0 0
0 0 0 0 0 0 0 1 0 7 0 0 0 32 0 0 0 0 0 0 0 0 0 6 0 0 0 0
0 0 0 0 0 0 0 1 0 7 0 0 0 32 0 0 0 0 0 0 0 0 0 0 0 0 0 0
0 0 0 0 0 1 1 11 0 40 0 0 160 160 0 0 0 0 0 0 0 0 0 0 0 0 0 0
0 0 0 0 0 1 1 11 0 40 0 0 160 160 0 0 0 0 0 0 0 0 0 0 0 0 0 0
0 0 0 0 0 0 0 0 0 5 0 0 0 0 0 0 0 0 0 0 0 0 0 0 0 0 0 0
0 0 0 0 0 0 0 2 0 12 0 0 0 32 0 0 0 0 0 0 0 1 0 10 0 0 0 32
0 0 0 0 0 0 0 2 0 12 0 0 0 32 0 0 0 0 0 0 0 1 0 10 0 0 0 32
0 0 0 0 0 0 0 1 0 7 0 0 0 32 0 0 0 0 0 0 0 0 0 0 0 0 0 0
0 0 0 0 0 0 0 1 0 7 0 0 0 32 0 0 0 0 0 0 0 0 0 0 0 0 0 0
0 0 0 0 0 0 0 0 0 0 0 0 0 0 0 0 0 0 0 0 0 0 0 0 0 0 0 0
0 0 0 0 0 0 0 0 0 0 0 0 0 0 0 0 0 0 0 0 0 0 0 0 0 0 0 0
0 0 0 0 0 0 0 0 0 0 0 0 0 0 0 0 0 0 0 0 0 0 0 0 0 0 0 0
0 0 0 0 0 0 0 0 0 5 0 0 0 0 0 0 0 0 0 0 0 1 0 10 0 0 0 0
0 0 0 0 0 0 0 1 0 7 0 0 0 32 0 0 0 0 0 0 0 1 0 10 0 0 0 0
0 0 0 0 0 1 1 3 0 14 0 0 40 65 0 0 0 0 0 0 0 0 0 6 0 0 0 0
0 0 0 0 0 1 1 3 0 14 0 0 41 66 0 0 0 0 0 0 0 0 0 6 0 0 0 0
0 0 0 0 0 0 0 0 0 6 0 0 0 0 0 0 0 0 0 0 0 0 0 0 0 0 0 0
0 0 0 0 0 0 0 0 0 0 0 0 0 0 0 0 0 0 0 0 0 0 0 0 0 0 0 0
0 0 0 0 0 0 0 0 0 0 0 0 0 0 0 0 0 0 0 0 0 0 0 0 0 0 0 0
0 0 0 0 0 0 1 4 0 19 0 0 1 84 0 0 0 0 0 0 1 3 0 16 0 0 1 67
0 0 0 0 0 1 1 4 0 20 0 0 40 84 0 0 0 0 0 1 1 4 0 17 0 0 40 67
0 0 0 0 0 0 1 2 0 8 0 0 1 40 0 0 0 0 0 0 0 0 0 5 0 0 0 0
0 0 0 0 1 1 1 12 0 40 0 40 160 160 0 0 0 0 0 0 0 0 0 0 0 0 0 0
0 0 0 0 0 1 1 11 0 40 0 0 160 160 0 0 0 0 0 0 0 0 0 0 0 0 0 0
0 0 0 0 0 0 0 1 0 10 0 0 0 0 0 0 0 0 0 0 0 2 0 18 0 0 0 0
0 0 0 0 0 0 0 1 0 10 0 0 0 0 0 0 0 0 0 0 0 2 0 18 0 0 0 0
0 0 0 0 0 0 0 0 0 0 0 0 0 0 0 0 0 0 0 0 0 0 0 0 0 0 0 0
0 0 0 0 0 1 1 22 0 112 0 0 73 274 0 0 0 0 0 0 0 0 0 0 0 0 0 0
0 0 0 0 1 1 1 23 0 112 0 40 73 274 0 0 0 0 0 0 0 0 0 0 0 0 0 0
0 0 0 0 0 0 0 1 0 7 0 0 0 32 0 0 0 0 0 0 0 0 0 0 0 0 0 0
0 0 0 0 0 0 0 0 0 0 0 0 0 0 0 0 0 0 0 0 0 0 0 0 0 0 0 0
0 0 0 0 0 0 0 0 0 0 0 0 0 0 0 0 0 0 0 0 0 0 0 0 0 0 0 0
0 0 0 0 0 0 0 2 0 12 0 0 0 32 0 0 0 0 0 0 0 1 0 10 0 0 0 32
0 0 0 0 0 0 0 2 0 12 0 0 0 32 0 0 0 0 0 0 0 1 0 10 0 0 0 32
0 0 0 0 0 0 0 0 0 5 0 0 0 0 0 0 0 0 0 0 0 0 0 0 0 0 0 0
0 0 0 0 0 0 0 0 0 5 0 0 0 0 0 0 0 0 0 0 0 0 0 0 0 0 0 0
0 0 3 0 0 1 10 34 0 176 0 0 40 612 0 0 3 0 0 0 10 32 0 176 0 0 2 612
0 0 3 0 0 1 10 34 0 176 0 0 40 612 0 0 3 0 0 0 10 32 0 176 0 0 2 612
0 0 0 0 0 0 0 0 0 0 0 0 0 0 0 0 0 0 0 0 0 0 0 0 0 0 0 0
0 0 0 0 0 0 0 0 0 0 0 0 0 0 0 0 0 0 0 0 0 0 0 0 0 0 0 0
0 0 0 0 0 0 1 2 0 8 0 0 1 40 0 0 0 0 0 0 0 1 0 10 0 0 0 0
0 0 0 0 0 1 1 2 0 9 0 0 40 40 0 0 0 0 0 0 0 1 0 10 0 0 0 0
0 0 0 0 0 0 1 6 0 29 0 0 1 138 0 0 0 0 0 0 0 0 0 0 0 0 0 0
0 0 0 0 0 1 1 10 0 40 0 0 160 160 0 0 0 0 0 0 0 0 0 0 0 0 0 0
0 0 0 0 0 0 0 5 0 28 0 0 0 132 0 0 0 0 0 0 0 0 0 0 0 0 0 0
0 0 0 0 0 0 0 0 0 0 0 0 0 0 0 0 0 0 0 0 0 0 0 0 0 0 0 0
0 0 0 0 0 0 0 2 0 12 0 0 0 32 0 0 0 0 0 0 0 1 0 10 0 0 0 32
0 0 0 0 0 0 1 3 0 14 0 0 1 46 0 0 0 0 0 0 0 1 0 10 0 0 0 32
0 0 0 0 0 0 0 1 0 7 0 0 0 32 0 0 0 0 0 0 0 0 0 0 0 0 0 0
0 0 0 0 0 0 0 0 0 5 0 0 0 0 0 0 0 0 0 0 0 0 0 0 0 0 0 0
0 0 0 0 0 0 0 0 0 0 0 0 0 0 0 0 0 0 0 0 0 0 0 0 0 0 0 0
0 0 0 0 0 0 0 0 0 0 0 0 0 0 0 0 0 0 0 0 0 0 0 0 0 0 0 0
0 0 0 0 0 0 0 0 0 0 0 0 0 0 0 0 0 0 0 0 0 0 0 0 0 0 0 0
0 0 0 0 0 0 0 1 0 7 0 0 0 32 0 0 0 0 0 0 0 0 0 0 0 0 0 0
0 0 1 0 2 4 5 194 0 785 10 245 647 2664 0 0 2 0 4 5 7 748 0 2684 0 523 4243 10256
0 0 1 1 3 4 5 218 0 787 40 350 827 2664 1 0 2 1 4 5 7 827 0 2713 43 2542 4243 10256
0 0 0 0 0 2 3 25 0 114 0 0 89 333 0 0 0 0 0 1 2 78 0 523 0 0 118 320
0 0 0 0 0 0 0 0 0 0 0 0 0 0 0 0 0 0 0 0 0 0 0 0 0 0 0 0
0 0 0 0 0 0 0 0 0 0 0 0 0 0 0 0 0 0 0 0 0 0 0 0 0 0 0 0
0 0 0 0 0 0 0 0 0 0 0 0 0 0 0 0 0 0 0 0 0 0 0 0 0 0 0 0
0 0 0 0 0 1 1 3 0 14 0 0 40 40 0 0 0 0 0 0 0 1 0 10 0 0 0 32
0 0 0 0 0 1 1 3 0 14 0 0 40 40 0 0 0 0 0 0 0 1 0 10 0 0 0 32
0 0 0 0 0 0 0 0 0 5 0 0 0 0 0 0 0 0 0 0 0 0 0 0 0 0 0 0
0 0 0 0 0 1 1 11 0 40 0 0 160 160 0 0 0 0 0 0 0 0 0 0 0 0 0 0
0 0 0 0 0 1 1 10 0 40 0 0 160 160 0 0 0 0 0 0 0 0 0 0 0 0 0 0
0 0 0 0 0 1 3 29 0 137 0 0 52 533 0 0 0 0 0 0 4 117 0 828 0 0 2 424
0 0 0 0 0 1 3 29 0 137 0 0 52 533 0 0 0 0 0 0 4 117 0 828 0 0 2 424
0 0 0 0 0 1 1 8 0 42 0 0 41 73 0 0 0 0 0 0 0 0 0 0 0 0 0 0
0 0 0 0 1 1 1 23 0 112 0 40 73 274 0 0 0 0 0 0 0 1 0 11 0 0 0 0
0 0 0 0 0 1 1 15 0 105 0 0 40 40 0 0 0 0 0 0 0 1 0 11 0 0 0 0
0 0 0 0 0 0 0 0 0 5 0 0 0 0 0 0 0 0 0 0 0 0 0 0 0 0 0 0
0 0 0 0 0 0 0 0 0 0 0 0 0 0 0 0 0 0 0 0 0 0 0 0 0 0 0 0
0 0 0 0 0 0 0 0 0 0 0 0 0 0 0 0 0 0 0 0 0 0 0 0 0 0 0 0
0 0 0 0 0 0 0 1 0 7 0 0 0 32 0 0 0 0 0 0 0 1 0 9 0 0 0 0
0 0 0 0 0 1 1 4 0 15 0 0 40 46 0 0 0 0 0 0 1 3 0 14 0 0 1 67
0 0 0 0 0 0 1 2 0 13 0 0 1 40 0 0 0 0 0 0 0 1 0 10 0 0 0 32
0 0 0 0 0 0 0 0 0 0 0 0 0 0 0 0 0 0 0 0 0 0 0 0 0 0 0 0
0 0 0 0 0 0 0 0 0 0 0 0 0 0 0 0 0 0 0 0 0 0 0 0 0 0 0 0
0 0 0 0 0 0 0 0 0 0 0 0 0 0 0 0 0 0 0 0 0 0 0 0 0 0 0 0
0 0 0 0 0 0 0 0 0 0 0 0 0 0 0 0 0 0 0 0 0 0 0 0 0 0 0 0
0 0 0 0 0 0 0 0 0 0 0 0 0 0 0 0 0 0 0 0 0 0 0 0 0 0 0 0
0 0 0 0 0 1 1 22 0 143 0 0 40 75 0 0 0 0 0 0 0 15 0 116 0 0 0 0
0 0 0 0 0 1 1 22 0 143 0 0 40 75 0 0 0 0 0 0 0 15 0 116 0 0 0 0
0 0 0 0 0 1 1 10 0 40 0 0 160 160 0 0 0 0 0 0 0 0 0 0 0 0 0 0
0 0 0 0 0 1 1 10 0 40 0 0 160 160 0 0 0 0 0 0 0 0 0 0 0 0 0 0
0 0 0 0 0 0 0 0 0 0 0 0 0 0 0 0 0 0 0 0 0 0 0 0 0 0 0 0
0 0 1 0 0 1 2 207 0 1519 0 0 61 282 0 0 0 0 0 0 1 76 0 557 0 0 2 173
0 0 1 0 1 2 2 214 0 1518 0 41 101 282 0 0 0 0 1 2 2 93 0 558 0 78 203 316
0 0 1 0 1 1 1 80 0 546 0 40 80 152 0 0 1 0 1 1 5 88 0 548 0 43 179 316
0 0 2 0 3 5 6 162 0 621 0 356 541 1970 0 0 2 0 3 6 6 401 0 1375 0 544 4087 6111
1 0 2 2 5 6 6 318 0 1074 193 561 871 2775 1 0 2 2 5 7 7 1123 0 3204 481 4401 6663 6663
0 0 1 0 3 6 6 230 0 1046 0 325 599 2508 0 0 2 0 3 5 7 793 0 3025 0 604 6607 6663
0 0 1 0 0 1 4 21 0 92 0 4 82 357 0 0 1 0 0 1 2 123 0 854 0 0 93 450
0 0 1 0 0 1 4 20 0 92 0 0 44 357 0 0 1 0 0 1 2 123 0 854 0 0 93 450
0 0 0 0 0 0 0 1 0 7 0 0 0 32 0 0 0 0 0 0 0 0 0 0 0 0 0 0
0 0 0 0 0 0 0 1 0 7 0 0 0 32 0 0 0 0 0 0 0 0 0 0 0 0 0 0
0 0 0 0 0 0 0 0 0 5 0 0 0 0 0 0 0 0 0 0 0 0 0 0 0 0 0 0
0 0 0 0 0 0 2 46 0 248 0 0 1 928 0 0 0 0 0 0 0 0 0 0 0 0 0 0
0 0 0 0 0 0 2 45 0 248 0 0 0 921 0 0 0 0 0 0 0 0 0 0 0 0 0 0
0 0 0 0 0 0 0 0 0 0 0 0 0 0 0 0 0 0 0 0 0 0 0 0 0 0 0 0
0 0 0 0 0 0 0 0 0 0 0 0 0 0 0 0 0 0 0 0 0 0 0 0 0 0 0 0
0 0 0 0 0 0 1 2 0 13 0 0 1 40 0 0 0 0 0 0 0 1 0 10 0 0 0 32
0 0 0 0 0 1 1 4 0 15 0 0 40 40 0 0 0 0 0 0 0 1 0 10 0 0 0 32
0 0 0 0 0 1 1 7 0 29 0 0 40 138 0 0 0 0 0 0 0 1 0 10 0 0 0 0
0 0 0 0 0 1 1 11 0 40 0 0 160 160 0 0 0 0 0 0 0 1 0 10 0 0 0 0
0 0 0 0 0 0 0 5 0 28 0 0 0 132 0 0 0 0 0 0 0 0 0 0 0 0 0 0
0 0 0 0 0 0 0 0 0 0 0 0 0 0 0 0 0 0 0 0 0 0 0 0 0 0 0 0
0 0 0 0 0 0 0 0 0 5 0 0 0 0 0 0 0 0 0 0 0 0 0 0 0 0 0 0
0 0 1 0 0 1 2 67 0 363 0 4 85 732 0 0 0 0 0 0 0 0 0 0 0 0 0 0
0 0 1 0 1 1 2 68 0 363 0 40 85 732 0 0 0 0 0 0 0 0 0 0 0 0 0 0
0 0 0 0 0 0 0 1 0 7 0 0 0 32 0 0 0 0 0 0 0 0 0 0 0 0 0 0
0 0 0 0 0 0 0 0 0 0 0 0 0 0 0 0 0 0 0 0 0 0 0 0 0 0 0 0
0 0 0 0 0 0 0 0 0 0 0 0 0 0 0 0 0 0 0 0 0 0 0 0 0 0 0 0
0 0 0 0 0 0 0 1 0 7 0 0 0 32 0 0 0 0 0 0 0 0 0 0 0 0 0 0
0 0 0 0 0 0 1 2 0 11 0 0 1 40 0 0 0 0 0 0 0 0 0 0 0 0 0 0
0 0 0 0 0 1 1 5 0 18 0 0 41 71 0 0 0 0 0 0 0 1 0 10 0 0 0 32
0 0 0 0 0 1 1 4 0 16 0 0 40 65 0 0 0 0 0 0 0 1 0 10 0 0 0 32
0 0 0 0 0 0 0 0 0 0 0 0 0 0 0 0 0 0 0 0 0 0 0 0 0 0 0 0
0 0 0 0 0 0 0 0 0 0 0 0 0 0 0 0 0 0 0 0 0 0 0 0 0 0 0 0
0 0 0 0 0 0 0 0 0 0 0 0 0 0 0 0 0 0 0 0 0 0 0 0 0 0 0 0
0 0 0 0 0 0 0 0 0 0 0 0 0 0 0 0 0 0 0 0 0 0 0 0 0 0 0 0
0 0 0 0 0 0 0 0 0 5 0 0 0 0 0 0 0 0 0 0 0 0 0 0 0 0 0 0
0 0 0 0 0 0 1 2 0 8 0 0 1 40 0 0 0 0 0 0 0 0 0 0 0 0 0 0
0 0 0 0 0 0 0 1 0 7 0 0 0 32 0 0 0 0 0 0 0 0 0 0 0 0 0 0
0 0 0 0 0 1 1 10 0 40 0 0 160 160 0 0 0 0 0 0 0 0 0 0 0 0 0 0
0 0 0 0 0 1 1 10 0 40 0 0 160 160 0 0 0 0 0 0 0 0 0 0 0 0 0 0
0 0 0 0 0 1 2 5 0 18 0 0 41 80 0 0 0 0 0 1 1 2 0 9 0 0 40 40
0 0 0 0 1 2 2 8 0 22 0 40 80 80 0 0 0 0 1 1 1 9 0 28 0 40 42 83
0 0 0 0 1 1 1 5 0 15 0 40 40 40 0 0 0 0 0 1 1 6 0 27 0 0 42 83
0 0 0 0 1 1 1 6 0 18 0 40 40 72 0 0 0 0 0 1 1 3 0 15 0 0 40 67
0 0 0 0 0 1 1 4 0 17 0 0 40 72 0 0 0 0 0 1 1 3 0 15 0 0 40 67
0 0 0 0 0 0 0 0 0 0 0 0 0 0 0 0 0 0 0 0 0 0 0 0 0 0 0 0
0 0 0 0 0 0 0 0 0 0 0 0 0 0 0 0 0 0 0 0 0 0 0 0 0 0 0 0
0 0 0 0 0 0 0 0 0 0 0 0 0 0 0 0 0 0 0 0 0 0 0 0 0 0 0 0
0 0 0 0 0 0 0 1 0 7 0 0 0 32 0 0 0 0 0 0 0 0 0 0 0 0 0 0
0 0 0 0 0 0 0 1 0 7 0 0 0 32 0 0 0 0 0 0 0 0 0 0 0 0 0 0
0 0 0 0 0 0 0 0 0 5 0 0 0 0 0 0 0 0 0 0 0 0 0 0 0 0 0 0
0 0 0 0 0 0 0 0 0 5 0 0 0 0 0 0 0 0 0 0 0 0 0 0 0 0 0 0
0 0 0 0 0 0 0 0 0 0 0 0 0 0 0 0 0 0 0 0 0 0 0 0 0 0 0 0
0 0 0 0 0 0 0 0 0 0 0 0 0 0 0 0 0 0 0 0 0 0 0 0 0 0 0 0
0 0 0 0 0 0 0 0 0 5 0 0 0 0 0 0 0 0 0 0 0 0 0 0 0 0 0 0
0 0 0 0 0 0 0 1 0 7 0 0 0 32 0 0 0 0 0 0 0 0 0 0 0 0 0 0
0 0 0 0 0 1 1 3 0 14 0 0 40 40 0 0 0 0 0 0 0 1 0 10 0 0 0 32
0 0 0 0 0 0 1 2 0 13 0 0 1 40 0 0 0 0 0 0 0 1 0 10 0 0 0 32
0 0 0 0 0 1 1 10 0 40 0 0 160 160 0 0 0 0 0 0 0 0 0 0 0 0 0 0
0 0 0 0 0 1 1 10 0 40 0 0 160 160 0 0 0 0 0 0 0 0 0 0 0 0 0 0
0 0 0 0 0 0 0 1 0 7 0 0 0 32 0 0 0 0 0 0 0 0 0 0 0 0 0 0
0 0 0 0 0 0 1 2 0 8 0 0 1 40 0 0 0 0 0 0 0 0 0 0 0 0 0 0
0 0 0 0 0 1 1 22 0 112 0 0 73 274 0 0 0 0 0 0 0 0 0 0 0 0 0 0
0 0 0 0 0 1 1 21 0 112 0 0 73 274 0 0 0 0 0 0 0 0 0 0 0 0 0 0
0 0 0 0 0 0 0 0 0 0 0 0 0 0 0 0 0 0 0 0 0 0 0 0 0 0 0 0
0 0 0 0 0 0 0 0 0 0 0 0 0 0 0 0 0 0 0 0 0 0 0 0 0 0 0 0
0 0 0 0 0 0 0 0 0 0 0 0 0 0 0 0 0 0 0 0 0 0 0 0 0 0 0 0
0 0 0 0 0 0 0 0 0 0 0 0 0 0 0 0 0 0 0 0 0 0 0 0 0 0 0 0
0 0 0 0 0 0 0 0 0 0 0 0 0 0 0 0 0 0 0 0 0 0 0 0 0 0 0 0
0 0 0 0 0 0 1 2 0 8 0 0 1 40 0 0 0 0 0 0 0 0 0 0 0 0 0 0
0 0 0 0 0 1 1 4 0 15 0 0 40 40 0 0 0 0 0 0 0 1 0 10 0 0 0 32
0 0 0 0 0 0 0 2 0 12 0 0 0 32 0 0 0 0 0 0 0 1 0 10 0 0 0 32
0 0 0 0 0 0 0 0 0 5 0 0 0 0 0 0 0 0 0 0 0 1 0 9 0 0 0 0
0 0 0 0 0 0 0 0 0 5 0 0 0 0 0 0 0 0 0 0 0 1 0 9 0 0 0 0
0 0 0 0 0 0 0 4 0 26 0 0 0 32 0 0 0 0 0 0 0 0 0 0 0 0 0 0
0 0 0 0 0 0 0 4 0 26 0 0 0 32 0 0 0 0 0 0 0 0 0 0 0 0 0 0
0 0 0 0 0 0 1 4 0 26 0 0 1 40 0 0 0 0 0 0 0 0 0 0 0 0 0 0
0 0 0 0 0 1 1 8 0 36 0 0 40 171 0 0 0 0 0 0 0 0 0 0 0 0 0 0
0 0 1 0 0 0 1 15 0 81 0 0 7 192 0 0 1 0 0 0 0 9 0 75 0 0 0 0
0 0 1 0 0 1 1 23 0 87 0 16 161 192 0 0 1 0 0 0 0 9 0 75 0 0 0 0
0 0 0 0 0 1 1 11 0 42 0 0 160 161 0 0 0 0 0 0 0 0 0 0 0 0 0 0
0 0 0 0 0 0 1 4 0 26 0 0 1 40 0 0 0 0 0 0 0 0 0 0 0 0 0 0
0 0 0 0 0 1 1 8 0 36 0 0 40 171 0 0 0 0 0 0 0 0 0 0 0 0 0 0
0 0 0 0 0 0 0 4 0 26 0 0 0 32 0 0 0 0 0 0 0 0 0 0 0 0 0 0
0 0 0 0 0 1 1 6 0 28 0 0 40 84 0 0 0 0 0 0 0 1 0 10 0 0 0 32
0 0 0 0 0 0 1 5 0 28 0 0 1 84 0 0 0 0 0 0 0 1 0 10 0 0 0 32
0 0 1 0 0 1 4 90 0 436 0 4 206 1669 0 0 1 0 0 1 5 173 0 919 0 0 54 4101
0 0 1 0 1 1 4 94 0 436 0 41 206 1669 0 0 1 0 0 1 5 173 0 919 0 0 54 4101
0 0 0 0 0 1 1 5 0 26 0 0 40 40 0 0 0 0 0 0 0 3 0 16 0 0 0 64
0 0 0 0 0 0 1 4 0 26 0 0 1 40 0 0 0 0 0 0 1 4 0 18 0 0 3 76
0 0 0 0 0 1 1 5 0 26 0 0 40 40 0 0 0 0 0 0 0 1 0 8 0 0 0 0
0 0 0 0 0 1 1 5 0 26 0 0 40 40 0 0 0 0 0 0 0 0 0 0 0 0 0 0
0 0 0 0 0 0 0 6 0 35 0 0 0 164 0 0 0 0 0 0 0 0 0 0 0 0 0 0
0 0 0 0 0 0 0 3 0 25 0 0 0 0 0 0 0 0 0 0 0 0 0 0 0 0 0 0
0 0 0 0 0 0 0 3 0 25 0 0 0 0 0 0 0 0 0 0 0 0 0 0 0 0 0 0
0 0 0 0 0 0 0 4 0 26 0 0 0 32 0 0 0 0 0 0 0 0 0 5 0 0 0 0
0 0 0 0 0 1 1 6 0 27 0 0 40 40 0 0 0 0 0 0 0 0 0 5 0 0 0 0
0 0 0 0 0 1 1 8 0 36 0 0 40 171 0 0 0 0 0 0 0 0 0 0 0 0 0 0
0 0 0 0 0 0 1 5 0 28 0 0 1 84 0 0 0 0 0 0 0 1 0 10 0 0 0 32
0 0 0 0 1 1 1 17 0 48 0 56 160 161 0 0 0 0 0 0 0 1 0 10 0 0 0 32
0 0 0 0 1 1 3 101 0 456 0 160 186 1577 0 0 1 0 0 1 5 92 0 637 0 0 40 364
0 0 0 0 1 1 3 91 0 456 0 40 186 1577 0 0 1 0 1 1 5 95 0 637 0 40 80 373
0 0 0 0 1 1 1 31 0 116 0 43 200 297 0 0 0 0 0 0 0 3 0 16 0 0 0 64
0 0 0 0 1 1 1 26 0 114 0 40 79 297 0 0 0 0 0 0 0 0 0 0 0 0 0 0
0 0 0 0 0 0 0 3 0 25 0 0 0 0 0 0 0 0 0 0 0 0 0 0 0 0 0 0
0 0 0 0 0 0 0 4 0 26 0 0 0 33 0 0 0 0 0 0 0 0 0 6 0 0 0 0
0 0 0 0 0 0 0 4 0 26 0 0 0 33 0 0 0 0 0 0 0 0 0 6 0 0 0 0
0 0 0 0 0 0 1 8 0 39 0 0 1 171 0 0 0 0 0 0 0 0 0 0 0 0 0 0
0 0 0 0 0 0 1 5 0 31 0 0 1 40 0 0 0 0 0 0 0 0 0 0 0 0 0 0
0 0 0 0 0 0 0 4 0 26 0 0 0 32 0 0 0 0 0 0 0 0 0 0 0 0 0 0
0 0 0 0 0 0 0 4 0 26 0 0 0 32 0 0 0 0 0 0 0 0 0 5 0 0 0 0
0 0 0 0 0 1 1 6 0 28 0 0 40 84 0 0 0 0 0 0 1 2 0 11 0 0 1 40
0 0 0 0 0 1 1 10 0 38 0 0 80 180 0 0 0 0 0 0 0 1 0 10 0 0 0 32
0 0 0 0 0 0 0 4 0 27 0 0 0 65 0 0 0 0 0 0 0 0 0 0 0 0 0 0
0 0 0 0 0 0 0 3 0 25 0 0 0 0 0 0 0 0 0 0 0 0 0 0 0 0 0 0
0 0 0 0 0 0 0 4 0 26 0 0 0 32 0 0 0 0 0 0 0 0 0 0 0 0 0 0
0 0 0 0 0 1 1 5 0 26 0 0 40 40 0 0 0 0 0 0 0 0 0 0 0 0 0 0
0 0 0 0 0 1 1 8 0 36 0 0 40 171 0 0 0 0 0 0 0 1 0 11 0 0 0 0
0 0 0 0 0 0 0 4 0 26 0 0 0 32 0 0 0 0 0 0 0 1 0 11 0 0 0 0
0 0 0 0 0 1 1 14 0 46 0 0 160 161 0 0 0 0 0 0 0 0 0 0 0 0 0 0
0 0 0 0 0 1 1 14 0 46 0 0 160 161 0 0 0 0 0 0 0 0 0 0 0 0 0 0
0 0 0 0 0 0 0 4 0 26 0 0 0 32 0 0 0 0 0 0 0 0 0 0 0 0 0 0
0 0 0 0 0 0 1 7 0 36 0 0 1 171 0 0 0 0 0 0 0 0 0 0 0 0 0 0
0 0 0 0 0 0 0 4 0 26 0 0 0 39 0 0 0 0 0 0 0 0 0 0 0 0 0 0
0 0 0 0 0 0 0 4 0 26 0 0 0 39 0 0 0 0 0 0 0 0 0 0 0 0 0 0
0 0 0 0 0 0 1 5 0 28 0 0 1 84 0 0 0 0 0 0 0 1 0 10 0 0 0 32
0 0 0 0 0 0 1 5 0 28 0 0 1 84 0 0 0 0 0 0 0 1 0 10 0 0 0 32
0 0 0 0 0 0 0 6 0 35 0 0 0 164 0 0 0 0 0 0 0 0 0 0 0 0 0 0
0 0 0 0 0 0 1 4 0 26 0 0 1 40 0 0 0 0 0 0 0 0 0 0 0 0 0 0
0 0 0 0 0 1 1 7 0 28 0 0 41 71 0 0 0 0 0 0 0 0 0 0 0 0 0 0
0 0 0 0 0 1 1 6 0 28 0 0 41 71 0 0 0 0 0 0 0 0 0 0 0 0 0 0
0 0 0 0 0 0 0 4 0 26 0 0 0 32 0 0 0 0 0 0 0 0 0 0 0 0 0 0
0 0 0 0 0 0 0 6 0 35 0 0 0 164 0 0 0 0 0 0 0 0 0 0 0 0 0 0
0 0 0 0 0 0 0 3 0 25 0 0 0 0 0 0 0 0 0 0 0 0 0 0 0 0 0 0
0 0 0 0 0 0 0 3 0 25 0 0 0 0 0 0 0 0 0 0 0 0 0 0 0 0 0 0
0 0 0 0 0 0 1 4 0 26 0 0 1 40 0 0 0 0 0 0 0 0 0 0 0 0 0 0
0 0 0 0 0 1 1 5 0 26 0 0 40 40 0 0 0 0 0 0 0 0 0 0 0 0 0 0
0 0 0 0 0 0 1 7 0 36 0 0 1 171 0 0 0 0 0 0 0 0 0 0 0 0 0 0
0 0 0 0 0 0 0 3 0 25 0 0 0 0 0 0 0 0 0 0 0 0 0 0 0 0 0 0
0 0 0 0 0 0 0 5 0 32 0 0 0 77 0 0 0 0 0 0 0 1 0 10 0 0 0 32
0 0 0 0 0 1 1 16 0 50 0 9 160 161 0 0 0 0 0 0 0 1 0 10 0 0 0 32
0 0 0 0 0 1 1 14 0 46 0 4 160 161 0 0 0 0 0 0 0 0 0 0 0 0 0 0
0 0 0 0 0 1 1 14 0 54 0 4 79 200 0 0 0 0 0 0 0 0 0 0 0 0 0 0
0 0 0 0 1 1 1 26 0 114 0 40 79 297 0 0 0 0 0 0 0 0 0 0 0 0 0 0
0 0 0 0 0 1 1 18 0 108 0 0 41 177 0 0 0 0 0 0 0 0 0 0 0 0 0 0
0 0 0 0 0 0 0 3 0 25 0 0 0 0 0 0 0 0 0 0 0 0 0 0 0 0 0 0
0 0 0 0 0 0 0 3 0 25 0 0 0 0 0 0 0 0 0 0 0 0 0 0 0 0 0 0
0 0 0 0 0 0 0 6 0 35 0 0 0 164 0 0 0 0 0 0 0 0 0 0 0 0 0 0
0 0 0 0 0 0 1 4 0 26 0 0 1 40 0 0 0 0 0 0 0 0 0 0 0 0 0 0
0 0 0 0 0 1 1 5 0 26 0 0 40 40 0 0 0 0 0 0 0 0 0 0 0 0 0 0
0 0 0 0 0 0 0 4 0 26 0 0 0 32 0 0 0 0 0 0 0 0 0 0 0 0 0 0
0 0 0 0 0 0 0 3 0 25 0 0 0 0 0 0 0 0 0 0 0 0 0 0 0 0 0 0
0 0 0 0 0 0 0 6 0 35 0 0 0 164 0 0 0 0 0 0 0 0 0 0 0 0 0 0
0 0 0 0 0 0 1 5 0 28 0 0 1 84 0 0 0 0 0 0 0 1 0 10 0 0 0 32
0 0 1 0 1 1 3 91 0 541 0 43 207 479 0 0 1 0 0 2 4 152 0 634 0 4 445 2823
0 0 1 0 1 1 3 90 0 541 0 40 207 479 0 0 1 0 0 2 4 150 0 634 0 0 445 2823
0 0 0 0 0 0 0 4 0 26 0 0 0 32 0 0 0 0 0 0 0 0 0 0 0 0 0 0
0 0 3 0 0 0 1 21 0 119 0 0 9 200 0 0 2 0 0 0 8 15 0 82 0 0 0 295
0 0 3 0 0 0 0 18 0 117 0 0 0 164 0 0 2 0 0 0 8 15 0 82 0 0 0 295
0 0 0 0 0 0 0 3 0 25 0 0 0 0 0 0 0 0 0 0 0 0 0 0 0 0 0 0
0 0 0 0 0 1 1 14 0 46 0 4 160 161 0 0 0 0 0 0 0 0 0 0 0 0 0 0
0 0 0 0 1 1 1 16 0 49 0 40 160 161 0 0 0 0 0 0 0 0 0 0 0 0 0 0
0 0 0 0 0 0 1 8 0 39 0 0 1 171 0 0 0 0 0 0 0 0 0 0 0 0 0 0
0 0 0 0 0 0 0 3 0 25 0 0 0 0 0 0 0 0 0 0 0 0 0 0 0 0 0 0
0 0 0 0 0 0 0 3 0 25 0 0 0 0 0 0 0 0 0 0 0 0 0 0 0 0 0 0
0 0 0 0 0 0 0 3 0 25 0 0 0 0 0 0 0 0 0 0 0 0 0 0 0 0 0 0
0 0 0 0 0 1 1 6 0 28 0 0 40 84 0 0 0 0 0 0 1 3 0 15 0 0 1 67
0 0 0 0 0 1 1 10 0 41 0 4 42 180 0 0 0 0 0 0 1 3 0 15 0 0 1 67
0 0 0 0 0 0 0 4 0 31 0 0 0 32 0 0 0 0 0 0 0 0 0 0 0 0 0 0
0 0 0 0 0 0 0 4 0 26 0 0 0 32 0 0 0 0 0 0 0 0 0 0 0 0 0 0
0 0 0 0 0 0 0 4 0 26 0 0 0 32 0 0 0 0 0 0 0 0 0 0 0 0 0 0
0 0 0 0 0 0 0 3 0 25 0 0 0 0 0 0 0 0 0 0 0 0 0 0 0 0 0 0
0 0 0 0 0 0 0 6 0 35 0 0 0 164 0 0 0 0 0 0 0 0 0 0 0 0 0 0
0 0 0 0 0 0 0 3 0 25 0 0 0 0 0 0 0 0 0 0 0 0 0 0 0 0 0 0
0 0 0 0 0 0 0 3 0 25 0 0 0 0 0 0 0 0 0 0 0 0 0 0 0 0 0 0
0 0 0 0 0 0 1 4 0 26 0 0 1 40 0 0 0 0 0 0 0 0 0 0 0 0 0 0
0 0 0 0 0 1 1 5 0 26 0 0 40 40 0 0 0 0 0 0 0 0 0 0 0 0 0 0
0 0 0 0 0 0 1 7 0 36 0 0 1 171 0 0 0 0 0 0 0 0 0 0 0 0 0 0
0 0 0 0 0 0 0 3 0 25 0 0 0 0 0 0 0 0 0 0 0 0 0 0 0 0 0 0
0 0 0 0 0 0 0 3 0 25 0 0 0 0 0 0 0 0 0 0 0 0 0 0 0 0 0 0
0 0 0 0 1 1 1 16 0 47 0 45 160 161 0 0 0 0 0 0 0 1 0 10 0 0 0 32
0 0 0 0 1 1 1 17 0 51 0 45 160 161 0 0 0 0 0 0 0 1 0 10 0 0 0 32
0 0 0 0 0 0 0 7 0 40 0 0 0 164 0 0 0 0 0 0 0 0 0 0 0 0 0 0
0 0 0 0 0 1 1 25 0 114 0 4 79 297 0 0 0 0 0 0 0 0 0 0 0 0 0 0
0 0 0 0 0 1 1 25 0 114 0 4 79 297 0 0 0 0 0 0 0 0 0 0 0 0 0 0
0 0 0 0 0 0 0 3 0 25 0 0 0 0 0 0 0 0 0 0 0 0 0 0 0 0 0 0
0 0 0 0 0 0 0 3 0 25 0 0 0 0 0 0 0 0 0 0 0 0 0 0 0 0 0 0
0 0 0 0 0 0 1 7 0 36 0 0 1 171 0 0 0 0 0 0 0 0 0 0 0 0 0 0
0 0 0 0 0 0 0 4 0 26 0 0 0 32 0 0 0 0 0 0 0 0 0 0 0 0 0 0
0 0 0 0 0 0 0 4 0 26 0 0 0 32 0 0 0 0 0 0 0 0 0 0 0 0 0 0
0 0 0 0 0 0 1 4 0 26 0 0 1 40 0 0 0 0 0 0 0 0 0 0 0 0 0 0
0 0 0 0 0 0 0 4 0 26 0 0 0 32 0 0 0 0 0 0 0 0 0 0 0 0 0 0
0 0 0 0 0 0 0 6 0 35 0 0 0 164 0 0 0 0 0 0 0 0 0 0 0 0 0 0
0 0 0 0 0 0 0 3 0 25 0 0 0 0 0 0 0 0 0 0 0 0 0 0 0 0 0 0
0 0 0 0 0 0 1 5 0 28 0 0 1 84 0 0 0 0 0 0 0 1 0 10 0 0 0 32
0 0 0 0 0 0 1 5 0 28 0 0 1 84 0 0 0 0 0 0 0 1 0 10 0 0 0 32
0 0 0 0 0 0 1 4 0 26 0 0 1 46 0 0 0 0 0 0 0 0 0 0 0 0 0 0
0 0 1 0 1 4 8 115 0 406 0 213 461 1878 1 0 5 0 0 8 14 1295 0 7703 0 4 1012 14142
0 0 2 0 2 6 8 156 0 477 0 367 1113 2040 1 0 5 0 0 8 14 1295 0 7703 0 4 1012 14142
0 0 0 0 0 0 1 48 0 269 0 0 9 655 0 0 0 0 0 0 0 0 0 0 0 0 0 0
0 0 1 0 1 2 3 107 0 483 0 155 325 1053 0 0 1 0 1 2 5 252 0 1180 0 52 659 5471
0 0 1 0 2 2 3 118 0 484 10 168 374 1053 0 0 1 0 1 2 5 252 0 1180 0 52 659 5471
0 0 0 0 1 1 1 18 0 61 0 40 161 192 0 0 0 0 0 0 0 0 0 0 0 0 0 0
0 0 0 0 0 0 0 4 0 26 0 0 0 32 0 0 0 0 0 0 0 0 0 0 0 0 0 0
0 0 0 0 0 0 0 3 0 25 0 0 0 0 0 0 0 0 0 0 0 0 0 0 0 0 0 0
0 0 0 0 0 0 0 3 0 25 0 0 0 0 0 0 0 0 0 0 0 0 0 0 0 0 0 0
0 0 0 0 0 0 0 3 0 25 0 0 0 0 0 0 0 0 0 0 0 0 0 0 0 0 0 0
0 0 0 0 0 0 1 8 0 39 0 0 1 171 0 0 0 0 0 0 0 0 0 0 0 0 0 0
0 0 0 0 0 1 1 7 0 33 0 0 40 84 0 0 0 0 0 0 0 1 0 10 0 0 0 32
0 0 0 0 0 1 1 6 0 28 0 0 40 84 0 0 0 0 0 0 0 1 0 10 0 0 0 32
0 0 0 0 0 0 0 3 0 25 0 0 0 0 0 0 0 0 0 0 0 0 0 0 0 0 0 0
0 0 0 0 0 0 0 3 0 25 0 0 0 0 0 0 0 0 0 0 0 0 0 0 0 0 0 0
0 0 0 0 0 1 1 9 0 40 0 0 46 191 0 0 0 0 0 0 0 2 0 12 0 0 0 42
0 0 0 0 0 0 1 6 0 32 0 0 2 131 0 0 0 0 0 0 0 2 0 12 0 0 0 42
0 0 0 0 0 0 0 4 0 26 0 0 0 32 0 0 0 0 0 0 0 0 0 0 0 0 0 0
0 0 0 0 1 1 2 33 0 166 0 40 85 319 0 0 0 0 0 1 2 80 0 525 0 0 55 480
0 0 0 0 1 1 2 33 0 166 0 40 85 319 0 0 0 0 0 1 2 80 0 525 0 0 55 480
0 0 0 0 2 3 3 41 0 117 0 170 201 283 0 0 0 0 0 0 0 0 0 0 0 0 0 0
1 0 1 1 3 4 5 113 0 196 156 333 643 717 0 0 0 0 0 0 0 7 0 58 0 0 0 0
0 0 1 1 2 4 5 158 20 227 257 506 652 725 0 0 0 0 0 0 0 7 0 58 0 0 0 0
0 0 0 1 2 2 2 123 0 204 183 348 523 785 0 0 0 0 0 0 0 0 0 0 0 0 0 0
0 0 1 1 2 3 4 93 0 168 153 299 390 664 0 0 0 0 0 0 0 1 0 10 0 0 0 32
0 0 1 1 1 3 3 67 0 134 78 200 353 450 0 0 0 0 0 0 0 1 0 10 0 0 0 32
0 0 0 0 1 1 2 41 0 135 10 81 192 297 0 0 0 0 0 0 0 0 0 0 0 0 0 0
0 0 0 0 1 1 1 49 0 159 0 81 205 638 0 0 0 0 0 0 0 0 0 0 0 0 0 0
0 0 0 0 1 1 1 26 0 98 0 73 153 191 0 0 0 0 0 0 0 0 0 0 0 0 0 0
0 0 0 0 1 1 1 18 0 51 0 73 153 191 0 0 0 0 0 0 0 0 0 0 0 0 0 0
0 0 0 0 1 1 1 23 0 56 0 81 155 200 0 0 0 0 0 0 0 0 0 6 0 0 0 0
0 0 0 0 1 1 1 17 0 43 0 73 153 153 0 0 0 0 0 0 0 0 0 6 0 0 0 0
0 0 0 0 1 1 1 29 0 98 0 73 153 191 0 0 0 0 0 0 0 0 0 0 0 0 0 0
0 0 0 0 1 1 1 30 0 98 0 73 153 191 0 0 0 0 0 0 0 0 0 0 0 0 0 0
0 0 0 0 1 1 1 17 0 44 0 73 153 153 0 0 0 0 0 0 0 0 0 0 0 0 0 0
0 0 0 0 1 1 1 17 0 49 0 73 153 191 0 0 0 0 0 0 0 0 0 0 0 0 0 0
0 0 0 0 1 1 1 16 0 45 0 73 153 153 0 0 0 0 0 0 0 1 0 13 0 0 0 0
0 0 0 0 1 1 1 18 0 47 0 73 153 185 0 0 0 0 0 0 1 3 0 16 0 0 0 65
0 0 0 0 1 1 1 18 0 46 0 73 153 185 0 0 0 0 0 0 1 3 0 14 0 0 1 67
0 0 0 0 1 1 1 20 0 48 0 75 153 185 0 0 0 0 0 0 1 2 0 11 0 0 1 40
0 0 0 0 1 1 2 19 0 49 0 73 154 198 0 0 0 0 0 0 0 3 0 19 0 0 0 32
0 0 0 0 0 0 0 4 0 27 0 0 0 65 0 0 0 0 0 0 0 2 0 18 0 0 0 0
0 0 0 0 0 0 0 3 0 25 0 0 0 0 0 0 0 0 0 0 0 0 0 0 0 0 0 0
0 0 0 0 0 0 1 15 0 91 0 0 1 171 0 0 0 0 0 0 0 0 0 0 0 0 0 0
0 0 0 0 1 1 1 25 0 96 0 40 160 192 0 0 0 0 0 0 0 0 0 0 0 0 0 0
0 0 0 0 1 1 1 20 0 52 0 52 161 192 0 0 0 0 0 0 0 0 0 0 0 0 0 0
0 0 0 0 0 1 1 7 0 33 0 0 40 139 0 0 0 0 0 0 0 0 0 0 0 0 0 0
0 0 0 0 0 0 0 4 0 26 0 0 0 32 0 0 0 0 0 0 0 0 0 0 0 0 0 0
0 0 0 0 0 0 0 3 0 25 0 0 0 0 0 0 0 0 0 0 0 0 0 0 0 0 0 0
0 0 0 0 0 0 0 3 0 25 0 0 0 0 0 0 0 0 0 0 0 0 0 0 0 0 0 0
0 0 0 0 0 0 0 6 0 35 0 0 0 164 0 0 0 0 0 0 0 0 0 0 0 0 0 0
0 0 0 0 0 1 1 5 0 26 0 0 40 40 0 0 0 0 0 0 0 0 0 0 0 0 0 0
0 0 0 0 1 1 1 9 0 30 0 40 40 84 0 0 0 0 0 0 0 1 0 10 0 0 0 32
0 0 0 0 1 1 1 26 0 106 0 40 99 508 0 0 0 0 0 0 0 1 0 10 0 0 0 32
0 0 1 0 2 3 3 71 0 168 0 288 576 576 0 0 0 0 0 0 0 0 0 0 0 0 0 0
0 0 1 1 2 3 3 74 0 146 88 288 290 534 0 0 0 0 0 0 0 0 0 0 0 0 0 0
0 0 0 0 1 2 2 37 0 80 0 198 209 258 0 0 0 0 0 0 0 0 0 0 0 0 0 0
0 0 0 0 1 2 2 40 0 90 0 198 222 258 0 0 0 0 0 0 0 0 0 0 0 0 0 0
0 0 0 0 1 2 2 31 0 80 0 136 201 226 0 0 0 0 0 0 0 0 0 0 0 0 0 0
0 0 0 0 1 2 2 18 0 56 0 43 156 226 0 0 0 0 0 0 0 0 0 0 0 0 0 0
0 0 0 0 1 1 2 19 0 58 0 43 201 226 0 0 0 0 0 0 0 0 0 0 0 0 0 0
0 0 0 0 0 1 2 18 0 59 0 4 201 226 0 0 0 0 0 0 0 0 0 0 0 0 0 0
0 0 0 0 0 1 1 17 0 56 0 7 155 220 0 0 0 0 0 0 0 0 0 0 0 0 0 0
0 0 0 0 1 1 1 26 0 61 0 153 198 198 0 0 0 0 0 0 0 0 0 0 0 0 0 0
0 0 0 0 1 1 1 39 0 106 0 198 201 226 0 0 0 0 0 0 0 0 0 0 0 0 0 0
0 0 0 0 1 1 2 44 0 110 10 164 226 297 0 0 0 0 0 0 0 0 0 0 0 0 0 0
0 0 0 1 1 2 2 52 0 127 42 164 230 317 0 0 0 0 0 0 0 1 0 10 0 0 0 32
0 0 0 0 1 2 2 39 0 121 0 99 226 302 0 0 0 0 0 0 0 1 0 10 0 0 0 32
0 0 0 0 1 2 3 64 0 264 0 153 201 796 0 0 0 0 0 1 4 90 0 631 0 0 40 331
0 0 1 0 1 3 4 115 0 368 13 186 908 1681 0 0 1 0 1 4 5 179 0 884 0 41 334 4112
0 0 0 1 1 1 3 71 0 270 40 153 200 780 0 0 0 0 0 1 3 92 0 631 0 4 80 290
0 0 0 0 1 1 1 21 0 44 10 73 153 153 0 0 0 0 0 1 1 6 0 23 0 0 79 99
0 0 1 0 1 3 4 92 0 369 10 87 296 1185 0 0 0 0 0 2 3 91 0 566 0 7 194 363
0 0 1 0 1 3 4 89 0 370 0 81 296 1185 0 0 0 0 0 2 3 88 0 566 0 0 194 363
0 0 0 0 0 1 1 11 0 38 0 4 76 153 0 0 0 0 0 0 0 0 0 0 0 0 0 0
0 0 0 0 0 0 1 7 0 36 0 0 3 176 0 0 0 0 0 0 0 0 0 0 0 0 0 0
0 0 1 0 1 3 4 102 0 378 0 160 623 1678 0 0 0 0 0 1 4 91 0 631 0 0 54 340
0 0 1 0 1 3 4 104 0 377 0 160 623 1678 0 0 0 0 0 1 4 92 0 631 0 4 54 340
0 0 0 0 1 1 1 9 0 29 0 40 40 51 0 0 0 0 0 0 1 3 0 17 0 0 2 74
0 0 0 0 1 1 1 13 0 41 0 40 46 188 0 0 0 0 0 1 1 4 0 19 0 0 41 78
0 0 0 0 0 1 1 13 0 47 0 0 168 198 0 0 0 0 0 0 0 1 0 10 0 0 0 32
0 0 0 0 0 0 0 3 0 25 0 0 0 0 0 0 0 0 0 0 0 0 0 0 0 0 0 0
0 0 0 0 0 0 0 3 0 25 0 0 0 0 0 0 0 0 0 0 0 0 0 0 0 0 0 0
0 0 0 0 0 0 0 4 0 27 0 0 0 65 0 0 0 0 0 0 0 0 0 0 0 0 0 0
0 0 0 0 0 1 1 6 0 28 0 0 40 72 0 0 0 0 0 0 0 0 0 0 0 0 0 0
0 0 0 0 1 1 1 22 0 55 0 88 161 192 0 0 0 0 0 0 0 4 0 23 0 0 0 67
0 0 0 0 1 1 1 19 0 50 0 72 160 161 0 0 0 0 0 0 0 4 0 23 0 0 0 67
0 0 0 0 0 1 1 5 0 26 0 0 40 40 0 0 0 0 0 0 0 0 0 0 0 0 0 0
0 0 0 0 0 0 0 3 0 25 0 0 0 0 0 0 0 0 0 0 0 0 0 0 0 0 0 0
0 0 0 0 0 0 0 3 0 25 0 0 0 0 0 0 0 0 0 0 0 0 0 0 0 0 0 0
0 0 0 0 0 1 1 14 0 49 0 4 198 199 0 0 0 0 0 0 0 0 0 0 0 0 0 0
0 0 0 0 1 1 2 25 0 67 0 142 198 231 0 0 0 0 0 0 0 0 0 0 0 0 0 0
0 0 0 0 1 2 3 24 0 67 0 85 201 265 0 0 0 0 0 0 0 0 0 0 0 0 0 0
0 0 0 0 1 1 1 13 0 45 0 40 80 180 0 0 0 0 0 0 0 1 0 10 0 0 0 32
0 0 0 0 0 1 1 6 0 28 0 0 40 85 0 0 0 0 0 0 0 1 0 10 0 0 0 32
0 0 0 0 0 0 1 7 0 36 0 0 3 176 0 0 0 0 0 0 0 0 0 0 0 0 0 0
0 0 0 0 0 0 0 4 0 27 0 0 0 59 0 0 0 0 0 0 0 0 0 0 0 0 0 0
0 0 0 0 0 1 1 6 0 27 0 0 40 40 0 0 0 0 0 0 0 0 0 0 0 0 0 0
0 0 0 0 0 1 1 6 0 27 0 4 40 40 0 0 0 0 0 0 0 0 0 0 0 0 0 0
0 0 0 0 0 1 1 6 0 27 0 0 40 46 0 0 0 0 0 0 0 0 0 0 0 0 0 0
0 0 0 0 1 1 3 68 0 377 0 48 200 470 0 0 1 0 0 0 3 86 0 566 0 0 16 417
0 0 0 0 0 1 3 63 0 377 0 4 85 470 0 0 1 0 0 1 3 88 0 566 0 0 132 417
0 0 0 0 0 0 1 7 0 35 0 0 1 169 0 0 0 0 0 0 0 2 0 15 0 0 0 0
0 0 0 0 1 1 1 18 0 54 0 40 198 198 0 0 0 0 0 0 0 0 0 0 0 0 0 0
0 0 0 0 1 1 1 17 0 49 0 40 198 198 0 0 0 0 0 0 0 0 0 0 0 0 0 0
0 0 0 0 1 1 1 15 0 46 0 40 160 192 0 0 0 0 0 0 0 0 0 0 0 0 0 0
0 0 0 0 1 1 1 23 0 61 0 81 161 192 0 0 0 0 0 0 0 0 0 0 0 0 0 0
0 0 0 0 1 1 1 33 0 117 0 75 162 297 0 0 0 0 0 0 0 1 0 10 0 0 0 32
0 0 0 0 0 1 1 20 0 108 0 0 74 180 0 0 0 0 0 0 0 1 0 10 0 0 0 32
0 0 0 0 1 1 2 63 0 374 0 40 201 282 0 0 0 0 1 1 2 86 0 558 0 41 160 302
0 0 0 0 1 2 2 70 0 374 0 54 201 282 0 0 0 0 1 2 3 95 0 560 0 55 206 477
0 0 0 0 1 1 1 9 0 29 0 40 40 72 0 0 0 0 0 0 0 8 0 65 0 0 0 0
0 0 0 0 1 1 1 8 0 30 0 40 41 80 0 0 0 0 0 0 0 6 0 53 0 0 0 0
0 0 0 0 0 1 2 9 0 40 0 0 80 178 0 0 0 0 0 0 0 6 0 53 0 0 0 0
0 0 0 0 0 1 1 8 0 38 0 0 40 171 0 0 0 0 0 0 0 5 0 42 0 0 0 0
0 0 0 0 0 1 1 8 0 36 0 0 40 171 0 0 0 0 0 0 0 5 0 42 0 0 0 0
0 0 0 0 0 1 1 7 0 29 0 4 41 78 0 0 0 0 0 1 2 13 0 56 0 0 82 250
0 0 0 0 1 1 1 9 0 30 0 40 41 78 0 0 0 0 0 1 2 13 0 56 0 0 82 250
0 0 0 0 1 1 1 8 0 29 0 40 40 72 0 0 0 0 0 0 0 0 0 0 0 0 0 0
0 0 0 0 1 1 1 10 0 34 0 40 73 139 0 0 0 0 0 0 0 0 0 0 0 0 0 0
0 0 0 0 0 1 1 11 0 41 0 0 76 191 0 0 0 0 0 0 0 0 0 0 0 0 0 0
0 0 0 0 0 1 1 8 0 31 0 4 71 89 0 0 0 0 0 0 1 3 0 15 0 0 1 72
0 0 0 0 0 1 1 8 0 31 0 4 71 89 0 0 0 0 0 0 1 3 0 15 0 0 1 72
0 0 0 0 0 0 0 4 0 26 0 0 0 32 0 0 0 0 0 0 0 0 0 0 0 0 0 0
0 0 0 0 0 1 1 6 0 31 0 0 40 40 0 0 0 0 0 0 0 0 0 0 0 0 0 0
0 0 0 0 0 1 1 10 0 41 0 4 41 176 0 0 0 0 0 0 0 0 0 0 0 0 0 0
0 0 0 0 1 1 1 18 0 48 0 72 160 161 0 0 0 0 0 0 0 0 0 0 0 0 0 0
0 0 0 0 1 1 1 16 0 47 0 44 160 161 0 0 0 0 0 0 0 0 0 0 0 0 0 0
0 0 0 0 0 0 0 3 0 25 0 0 0 0 0 0 0 0 0 0 0 0 0 0 0 0 0 0
0 0 0 0 0 0 0 0 0 0 0 0 0 0 0 0 0 0 0 0 0 0 0 0 0 0 0 0
0 0 0 0 0 1 1 11 0 43 0 0 47 198 0 0 0 0 0 0 0 0 0 0 0 0 0 0
0 0 0 0 1 1 1 18 0 57 0 40 198 199 0 0 0 0 0 0 0 0 0 0 0 0 0 0
0 0 0 0 0 1 1 12 0 46 0 4 55 199 0 0 0 0 0 0 0 0 0 0 0 0 0 0
0 0 0 0 0 1 1 6 0 28 0 0 48 66 0 0 0 0 0 0 0 0 0 0 0 0 0 0
0 0 0 0 0 1 1 4 0 17 0 0 41 71 0 0 0 0 0 0 0 1 0 10 0 0 0 32
0 0 0 0 0 1 1 7 0 30 0 0 71 90 0 0 0 0 0 0 0 1 0 10 0 0 0 32
0 0 0 0 0 0 0 4 0 27 0 0 0 59 0 0 0 0 0 0 0 0 0 0 0 0 0 0
0 0 0 0 0 1 1 5 0 26 0 0 40 46 0 0 0 0 0 0 0 0 0 0 0 0 0 0
0 0 0 0 0 1 1 6 0 27 0 0 40 46 0 0 0 0 0 0 0 0 0 0 0 0 0 0
0 0 0 0 0 1 1 5 0 27 0 0 40 48 0 0 0 0 0 0 0 0 0 0 0 0 0 0
0 0 0 0 0 1 1 8 0 36 0 0 48 172 0 0 0 0 0 0 0 0 0 0 0 0 0 0
0 0 0 0 0 0 0 3 0 25 0 0 0 0 0 0 0 0 0 0 0 0 0 0 0 0 0 0
0 0 0 0 0 0 0 6 0 35 0 0 0 162 0 0 0 0 0 0 0 0 0 0 0 0 0 0
0 0 0 0 1 1 1 19 0 55 0 51 198 198 0 0 0 0 0 0 0 0 0 0 0 0 0 0
0 0 0 0 1 1 1 16 0 50 0 40 198 198 0 0 0 0 0 0 0 0 0 0 0 0 0 0
0 0 0 0 0 1 1 9 0 37 0 4 41 176 0 0 0 0 0 0 0 0 0 0 0 0 0 0
0 0 0 0 1 1 1 14 0 43 0 40 160 161 0 0 0 0 0 0 0 0 0 0 0 0 0 0
0 0 0 0 1 1 1 33 0 118 0 81 162 297 0 0 0 0 0 0 0 0 0 0 0 0 0 0
0 0 0 0 1 1 1 27 0 115 0 43 99 297 0 0 0 0 0 0 0 1 0 10 0 0 0 32
0 0 0 0 0 0 1 5 0 28 0 0 1 84 0 0 0 0 0 0 0 1 0 10 0 0 0 32
0 0 0 0 0 1 1 8 0 37 0 0 41 178 0 0 0 0 0 0 0 0 0 0 0 0 0 0
0 0 0 0 0 1 1 6 0 28 0 0 40 72 0 0 0 0 0 0 0 0 0 0 0 0 0 0
0 0 0 0 0 1 1 6 0 28 0 0 40 74 0 0 0 0 0 0 0 0 0 0 0 0 0 0
0 0 0 0 0 1 1 9 0 34 0 4 73 139 0 0 0 0 0 0 0 0 0 0 0 0 0 0
0 0 0 0 0 0 1 7 0 33 0 0 3 138 0 0 0 0 0 0 0 0 0 0 0 0 0 0
0 0 0 0 0 0 1 7 0 36 0 0 3 176 0 0 0 0 0 0 0 0 0 0 0 0 0 0
0 0 0 0 0 0 0 4 0 27 0 0 0 59 0 0 0 0 0 0 0 0 0 0 0 0 0 0
0 0 0 0 0 1 1 5 0 26 0 0 40 40 0 0 0 0 0 0 0 0 0 0 0 0 0 0
0 0 0 0 1 1 1 7 0 27 0 40 40 40 0 0 0 0 0 0 0 0 0 0 0 0 0 0
0 0 0 0 1 1 1 10 0 37 0 40 41 171 0 0 0 0 0 0 0 0 0 0 0 0 0 0
0 0 0 0 0 1 1 12 0 44 0 4 78 198 0 0 0 0 0 0 0 0 0 0 0 0 0 0
0 0 0 0 0 0 0 4 0 26 0 0 0 32 0 0 0 0 0 0 0 0 0 0 0 0 0 0
0 0 0 0 0 0 1 5 0 28 0 0 1 84 0 0 0 0 0 0 0 1 0 10 0 0 0 32
0 0 0 0 0 1 1 6 0 28 0 0 40 84 0 0 0 0 0 0 0 1 0 10 0 0 0 32
0 0 0 0 0 1 1 5 0 26 0 0 40 40 0 0 0 0 0 0 0 0 0 0 0 0 0 0
0 0 0 0 1 1 1 11 0 39 0 40 43 184 0 0 0 0 0 0 0 0 0 0 0 0 0 0
0 0 0 0 1 1 1 13 0 40 0 40 114 160 0 0 0 0 0 0 0 0 0 0 0 0 0 0
0 0 0 0 1 1 1 16 0 46 0 40 160 161 0 0 0 0 0 0 0 0 0 0 0 0 0 0
0 0 0 0 0 0 1 8 0 38 0 0 8 161 0 0 0 0 0 0 0 0 0 0 0 0 0 0
0 0 0 0 0 0 0 3 0 25 0 0 0 0 0 0 0 0 0 0 0 0 0 0 0 0 0 0
0 0 0 0 1 1 1 15 0 50 0 40 198 199 0 0 0 0 0 0 0 0 0 0 0 0 0 0
0 0 0 0 1 1 1 19 0 55 0 44 198 198 0 0 0 0 0 0 0 0 0 0 0 0 0 0
0 0 0 0 0 1 1 10 0 43 0 0 47 198 0 0 0 0 0 0 0 0 0 0 0 0 0 0
0 0 0 0 0 1 1 5 0 26 0 0 40 46 0 0 0 0 0 0 0 0 0 0 0 0 0 0
0 0 0 0 0 1 1 5 0 26 0 0 40 46 0 0 0 0 0 0 0 0 0 0 0 0 0 0
0 0 0 0 0 0 1 7 0 36 0 0 3 176 0 0 0 0 0 0 0 0 0 0 0 0 0 0
0 0 0 0 0 1 1 6 0 29 0 0 41 90 0 0 0 0 0 0 0 1 0 10 0 0 0 32
0 0 0 0 0 1 1 6 0 28 0 0 40 84 0 0 0 0 0 0 0 1 0 10 0 0 0 32
0 0 0 0 0 1 1 6 0 27 0 4 40 40 0 0 0 0 0 0 0 0 0 0 0 0 0 0
0 0 0 0 1 1 1 8 0 28 0 40 40 40 0 0 0 0 0 0 0 0 0 0 0 0 0 0
0 0 0 0 0 1 1 8 0 36 0 0 40 171 0 0 0 0 0 0 0 0 0 0 0 0 0 0
0 0 0 0 0 0 0 3 0 25 0 0 0 0 0 0 0 0 0 0 0 0 0 0 0 0 0 0
0 0 0 0 0 0 0 6 0 35 0 0 0 162 0 0 0 0 0 0 0 0 0 0 0 0 0 0
0 0 0 0 0 1 1 17 0 54 0 4 198 198 0 0 0 0 0 0 0 0 0 0 0 0 0 0
0 0 0 0 1 1 1 15 0 49 0 40 198 198 0 0 0 0 0 0 0 0 0 0 0 0 0 0
0 0 0 0 1 1 1 11 0 39 0 40 43 184 0 0 0 0 0 0 0 0 0 0 0 0 0 0
0 0 0 0 1 1 1 8 0 30 0 40 40 99 0 0 0 0 0 0 0 0 0 0 0 0 0 0
0 0 0 0 1 2 2 36 0 129 0 52 235 442 0 0 0 0 0 0 0 0 0 0 0 0 0 0
0 0 0 0 0 2 2 35 0 129 0 16 235 442 0 0 0 0 0 0 0 0 0 0 0 0 0 0
0 0 0 0 0 0 1 5 0 28 0 0 1 84 0 0 0 0 0 0 0 1 0 10 0 0 0 32
0 0 0 0 1 1 1 10 0 38 0 40 42 180 0 0 0 0 0 0 0 1 0 10 0 0 0 32
0 0 0 0 0 1 1 6 0 27 0 0 40 40 0 0 0 0 0 0 0 0 0 0 0 0 0 0
0 0 0 0 0 1 1 6 0 27 0 0 40 40 0 0 0 0 0 0 0 0 0 0 0 0 0 0
0 0 0 0 1 1 1 10 0 34 0 40 41 138 0 0 0 0 0 0 0 0 0 0 0 0 0 0
0 0 0 0 0 1 1 8 0 33 0 0 41 138 0 0 0 0 0 0 0 0 0 0 0 0 0 0
0 0 0 0 0 0 1 7 0 36 0 0 3 176 0 0 0 0 0 0 0 0 0 0 0 0 0 0
0 0 0 0 0 0 0 4 0 27 0 0 0 59 0 0 0 0 0 0 0 0 0 0 0 0 0 0
0 0 0 0 0 1 1 5 0 26 0 0 40 40 0 0 0 0 0 0 0 0 0 0 0 0 0 0
0 0 0 0 1 1 1 8 0 28 0 40 40 40 0 0 0 0 0 0 0 0 0 0 0 0 0 0
0 0 0 0 1 1 1 11 0 34 0 40 41 138 0 0 0 0 0 0 0 0 0 0 0 0 0 0
0 0 0 0 0 1 1 11 0 41 0 0 76 191 0 0 0 0 0 0 0 0 0 0 0 0 0 0
0 0 0 0 0 0 0 3 0 25 0 0 0 0 0 0 0 0 0 0 0 0 0 0 0 0 0 0
0 0 0 0 0 0 0 3 0 25 0 0 0 0 0 0 0 0 0 0 0 0 0 0 0 0 0 0
0 0 0 0 0 1 1 6 0 31 0 0 40 117 0 0 0 0 0 0 0 1 0 10 0 0 0 32
0 0 0 0 1 1 1 8 0 31 0 40 40 117 0 0 0 0 0 0 0 1 0 10 0 0 0 32
0 0 0 0 1 1 1 11 0 37 0 40 41 176 0 0 0 0 0 0 0 0 0 0 0 0 0 0
0 0 0 0 0 1 1 6 0 28 0 0 40 66 0 0 0 0 0 0 0 0 0 0 0 0 0 0
0 0 0 0 0 1 1 14 0 57 0 0 160 161 0 0 0 0 0 0 0 0 0 0 0 0 0 0
0 0 0 0 0 1 1 14 0 57 0 0 160 161 0 0 0 0 0 0 0 0 0 0 0 0 0 0
0 0 0 0 0 0 0 3 0 25 0 0 0 0 0 0 0 0 0 0 0 0 0 0 0 0 0 0
0 0 0 0 0 1 1 15 0 50 0 4 198 199 0 0 0 0 0 0 0 0 0 0 0 0 0 0
0 0 0 0 1 1 1 19 0 55 0 44 198 198 0 0 0 0 0 0 0 0 0 0 0 0 0 0
0 0 0 0 0 1 1 11 0 43 0 4 47 198 0 0 0 0 0 0 0 0 0 0 0 0 0 0
0 0 0 0 0 1 1 6 0 28 0 0 40 72 0 0 0 0 0 0 0 0 0 0 0 0 0 0
0 0 0 0 0 0 1 5 0 27 0 0 1 72 0 0 0 0 0 0 0 0 0 0 0 0 0 0
0 0 0 0 0 0 1 7 0 36 0 0 3 176 0 0 0 0 0 0 0 0 0 0 0 0 0 0
0 0 0 0 0 0 0 4 0 27 0 0 0 59 0 0 0 0 0 0 0 0 0 0 0 0 0 0
0 0 0 0 0 1 1 6 0 29 0 0 40 84 0 0 0 0 0 0 0 1 0 10 0 0 0 32
1 0 5 0 1 1 5 110 0 532 0 40 207 1989 0 0 5 0 0 1 8 119 0 544 0 0 137 2169
1 0 5 0 1 1 5 108 0 532 0 40 207 1989 0 0 5 0 0 0 8 117 0 544 0 0 67 2169
0 0 0 0 0 1 1 8 0 36 0 0 40 171 0 0 0 0 0 0 0 0 0 0 0 0 0 0
0 0 0 0 0 0 1 5 0 27 0 0 1 65 0 0 0 0 0 0 0 0 0 0 0 0 0 0
0 0 0 0 0 0 1 5 0 28 0 0 3 71 0 0 0 0 0 0 0 0 0 0 0 0 0 0
0 0 0 0 0 1 1 14 0 49 0 0 198 198 0 0 0 0 0 0 0 0 0 0 0 0 0 0
0 0 0 0 0 1 1 13 0 49 0 0 198 198 0 0 0 0 0 0 0 0 0 0 0 0 0 0
0 0 0 0 1 1 1 10 0 37 0 40 40 171 0 0 0 0 0 0 0 0 0 0 0 0 0 0
0 0 0 0 1 1 1 8 0 28 0 40 40 46 0 0 0 0 0 0 0 0 0 0 0 0 0 0
0 0 0 0 1 1 1 28 0 133 0 40 79 297 0 0 0 0 0 0 0 0 0 0 0 0 0 0
0 0 0 0 1 1 1 32 0 135 0 73 162 297 0 0 0 0 0 0 0 0 0 0 0 0 0 0
0 0 1 0 1 4 7 152 0 586 0 172 928 1956 0 0 1 0 1 3 4 158 0 732 0 62 424 3430
0 0 1 0 1 4 7 152 0 586 0 208 928 1956 0 0 1 0 1 3 4 158 0 732 0 62 424 3430
0 0 0 0 1 1 1 8 0 29 0 40 40 84 0 0 0 0 0 0 0 1 0 10 0 0 0 32
0 0 0 0 0 1 1 7 0 29 0 4 40 84 0 0 0 0 0 0 0 1 0 10 0 0 0 32
0 0 0 0 0 1 1 9 0 33 0 4 41 138 0 0 0 0 0 0 0 0 0 0 0 0 0 0
0 0 0 0 1 1 1 10 0 35 0 40 71 138 0 0 0 0 0 0 0 0 0 0 0 0 0 0
0 0 0 0 0 1 1 10 0 38 0 0 71 176 0 0 0 0 0 0 0 0 0 0 0 0 0 0
0 0 0 0 0 0 0 4 0 27 0 0 0 59 0 0 0 0 0 0 0 0 0 0 0 0 0 0
0 0 0 0 0 0 1 4 0 26 0 0 1 40 0 0 0 0 0 0 0 0 0 0 0 0 0 0
0 0 0 0 1 1 1 8 0 28 0 40 40 40 0 0 0 0 0 0 0 0 0 0 0 0 0 0
0 0 0 0 1 1 1 11 0 37 0 40 41 171 0 0 0 0 0 0 0 0 0 0 0 0 0 0
0 0 0 0 0 1 1 11 0 43 0 0 78 198 0 0 0 0 0 0 0 0 0 0 0 0 0 0
0 0 0 0 0 0 0 3 0 25 0 0 0 0 0 0 0 0 0 0 0 0 0 0 0 0 0 0
0 0 0 0 0 0 0 3 0 25 0 0 0 0 0 0 0 0 0 0 0 0 0 0 0 0 0 0
0 0 0 0 0 0 0 4 0 26 0 0 0 39 0 0 0 0 0 0 0 0 0 0 0 0 0 0
0 0 0 0 1 1 1 8 0 29 0 40 40 85 0 0 0 0 0 0 0 1 0 10 0 0 0 32
0 0 0 0 1 1 1 13 0 39 0 40 73 180 0 0 0 0 0 0 0 1 0 10 0 0 0 32
0 0 0 0 0 1 1 6 0 28 0 0 40 67 0 0 0 0 0 0 0 0 0 0 0 0 0 0
0 0 0 0 0 0 0 4 0 26 0 0 0 39 0 0 0 0 0 0 0 0 0 0 0 0 0 0
0 0 0 0 0 1 1 14 0 46 0 0 160 161 0 0 0 0 0 0 0 0 0 0 0 0 0 0
0 0 0 0 0 1 1 14 0 46 0 0 160 161 0 0 0 0 0 0 0 0 0 0 0 0 0 0
0 0 0 0 0 1 1 13 0 49 0 0 198 199 0 0 0 0 0 0 0 0 0 0 0 0 0 0
0 0 0 0 1 1 1 19 0 54 0 40 198 198 0 0 0 0 0 0 0 0 0 0 0 0 0 0
0 0 0 0 1 1 1 15 0 44 0 40 85 198 0 0 0 0 0 0 0 5 0 44 0 0 0 0
0 0 0 0 1 1 1 8 0 29 0 40 40 72 0 0 0 0 0 0 0 5 0 44 0 0 0 0
0 0 0 0 0 0 0 4 0 26 0 0 0 32 0 0 0 0 0 0 0 0 0 0 0 0 0 0
0 0 0 0 0 0 1 7 0 36 0 0 3 176 0 0 0 0 0 0 0 0 0 0 0 0 0 0
0 0 0 0 0 0 0 4 0 27 0 0 0 59 0 0 0 0 0 0 0 0 0 0 0 0 0 0
0 0 0 0 0 1 1 6 0 27 0 0 40 46 0 0 0 0 0 0 0 0 0 0 0 0 0 0
0 0 0 0 1 1 1 9 0 30 0 40 48 85 0 0 0 0 0 0 0 1 0 10 0 0 0 32
0 0 0 0 0 1 1 7 0 29 0 4 40 85 0 0 0 0 0 0 0 1 0 10 0 0 0 32
0 0 0 0 0 0 1 7 0 36 0 0 1 171 0 0 0 0 0 0 0 0 0 0 0 0 0 0
0 0 0 0 0 0 0 4 0 27 0 0 0 65 0 0 0 0 0 0 0 4 0 23 0 0 0 69
0 0 0 0 0 0 1 7 0 36 0 0 3 176 0 0 0 0 0 0 0 4 0 23 0 0 0 69
0 0 0 0 1 1 1 17 0 54 0 40 198 198 0 0 0 0 0 0 0 2 0 14 0 0 0 66
0 0 0 0 1 1 1 18 0 49 0 40 198 198 0 0 0 0 0 0 0 2 0 14 0 0 0 66
0 0 0 0 1 1 1 13 0 38 0 40 72 178 0 0 0 0 0 0 0 0 0 0 0 0 0 0
0 0 0 0 0 1 1 6 0 29 0 0 41 78 0 0 0 0 0 0 0 0 0 0 0 0 0 0
0 0 0 0 0 0 1 9 0 47 0 0 1 171 0 0 0 0 0 0 0 0 0 0 0 0 0 0
0 0 0 0 1 1 1 35 0 119 0 160 162 297 0 0 0 0 0 0 0 0 0 0 0 0 0 0
0 0 0 0 1 1 1 30 0 113 0 81 161 192 0 0 0 0 0 0 0 0 0 0 0 0 0 0
0 0 0 0 0 1 1 8 0 36 0 0 40 171 0 0 0 0 0 0 0 0 0 0 0 0 0 0
0 0 0 0 0 1 1 6 0 27 0 0 40 40 0 0 0 0 0 0 0 0 0 0 0 0 0 0
0 0 0 0 1 1 1 8 0 29 0 40 40 85 0 0 0 0 0 0 0 1 0 10 0 0 0 32
0 0 0 0 1 1 1 12 0 35 0 40 74 142 0 0 0 0 0 0 0 1 0 10 0 0 0 32
0 0 0 0 0 1 1 8 0 33 0 0 41 138 0 0 0 0 0 0 0 0 0 0 0 0 0 0
0 0 0 0 0 0 1 7 0 36 0 0 3 176 0 0 0 0 0 0 0 0 0 0 0 0 0 0
0 0 0 0 0 0 0 4 0 27 0 0 0 59 0 0 0 0 0 0 0 0 0 0 0 0 0 0
0 0 0 0 0 0 1 4 0 26 0 0 1 46 0 0 0 0 0 0 0 0 0 0 0 0 0 0
0 0 0 0 0 1 1 6 0 27 0 0 40 46 0 0 0 0 0 0 0 0 0 0 0 0 0 0
0 0 0 0 1 1 1 11 0 34 0 40 41 138 0 0 0 0 0 0 0 0 0 0 0 0 0 0
0 0 0 0 1 1 1 13 0 41 0 40 76 191 0 0 0 0 0 0 0 0 0 0 0 0 0 0
0 0 0 0 0 0 0 3 0 25 0 0 0 0 0 0 0 0 0 0 0 0 0 0 0 0 0 0
0 0 0 0 0 0 0 3 0 25 0 0 0 0 0 0 0 0 0 0 0 0 0 0 0 0 0 0
0 0 0 0 0 0 0 4 0 26 0 0 0 32 0 0 0 0 0 0 0 0 0 0 0 0 0 0
0 0 0 0 0 1 1 6 0 27 0 4 40 40 0 0 0 0 0 0 0 0 0 0 0 0 0 0
0 0 0 0 1 1 1 11 0 39 0 40 43 184 0 0 0 0 0 0 0 0 0 0 0 0 0 0
0 0 0 0 1 1 1 9 0 32 0 40 42 108 0 0 0 0 0 0 0 1 0 10 0 0 0 32
0 0 0 0 0 1 1 6 0 29 0 0 40 84 0 0 0 0 0 0 0 1 0 10 0 0 0 32
0 0 0 0 0 0 0 3 0 25 0 0 0 0 0 0 0 0 0 0 0 0 0 0 0 0 0 0
0 0 0 0 0 1 1 11 0 42 0 0 160 161 0 0 0 0 0 0 0 0 0 0 0 0 0 0
0 0 0 0 1 1 1 22 0 58 0 160 198 199 0 0 0 0 0 0 0 0 0 0 0 0 0 0
0 0 0 0 1 1 1 20 0 55 0 44 198 198 0 0 0 0 0 0 0 0 0 0 0 0 0 0
0 0 0 0 0 1 1 12 0 44 0 0 93 198 0 0 0 0 0 0 0 0 0 0 0 0 0 0
0 0 0 0 0 1 1 5 0 26 0 0 40 40 0 0 0 0 0 0 0 0 0 0 0 0 0 0
0 0 0 0 0 1 1 5 0 26 0 0 40 40 0 0 0 0 0 0 0 0 0 0 0 0 0 0
0 0 0 0 0 0 1 7 0 36 0 0 3 176 0 0 0 0 0 0 0 0 0 0 0 0 0 0
0 0 0 0 0 0 0 4 0 27 0 0 0 59 0 0 0 0 0 0 0 0 0 0 0 0 0 0
0 0 0 0 0 0 1 4 0 26 0 0 1 40 0 0 0 0 0 0 0 0 0 0 0 0 0 0
0 0 0 0 0 1 1 6 0 27 0 4 40 46 0 0 0 0 0 0 0 0 0 0 0 0 0 0
0 0 0 0 1 1 1 9 0 30 0 40 40 85 0 0 0 0 0 0 1 3 0 14 0 0 1 67
0 0 0 0 0 1 1 7 0 29 0 4 40 84 0 0 0 0 0 0 1 3 0 14 0 0 1 67
0 0 1 0 0 3 8 95 0 457 0 0 386 1114 1 0 5 0 0 1 10 990 0 7252 0 0 95 1624
0 0 1 0 1 6 8 115 0 466 0 198 809 1114 1 0 5 0 0 7 15 1275 0 7537 0 4 965 14338
0 0 1 0 1 2 5 114 0 477 10 198 317 836 0 0 2 0 1 3 4 487 0 2384 0 74 850 6206
0 0 1 1 1 2 6 300 0 1580 40 198 319 3085 0 0 1 0 2 3 4 218 0 1005 0 206 342 3690
0 0 1 0 1 1 1 211 0 1521 0 40 78 200 0 0 0 0 0 1 2 15 0 61 0 0 125 263
0 0 0 0 1 1 1 8 0 28 0 40 40 66 0 0 0 0 0 0 0 0 0 0 0 0 0 0
0 0 0 0 0 1 1 6 0 27 0 0 40 40 0 0 0 0 0 0 0 0 0 0 0 0 0 0
0 0 0 0 0 1 1 24 0 114 0 0 79 297 0 0 0 0 0 0 0 0 0 0 0 0 0 0
0 0 0 0 1 1 1 35 0 119 0 160 162 297 0 0 0 0 0 0 0 0 0 0 0 0 0 0
0 0 0 0 1 1 1 19 0 54 0 52 161 192 0 0 0 0 0 0 0 0 0 0 0 0 0 0
0 0 0 0 0 1 1 6 0 31 0 0 40 40 0 0 0 0 0 0 0 0 0 0 0 0 0 0
0 0 0 0 0 1 1 6 0 27 0 4 40 40 0 0 0 0 0 0 0 0 0 0 0 0 0 0
0 0 0 0 1 1 1 12 0 35 0 40 74 142 0 0 0 0 0 0 0 1 0 10 0 0 0 32
0 0 0 0 0 1 1 10 0 35 0 4 74 142 0 0 0 0 0 0 0 1 0 10 0 0 0 32
0 0 0 0 0 0 1 7 0 36 0 0 3 176 0 0 0 0 0 0 0 0 0 0 0 0 0 0
0 0 0 0 0 0 0 4 0 27 0 0 0 59 0 0 0 0 0 0 0 0 0 0 0 0 0 0
0 0 0 0 0 0 1 4 0 26 0 0 1 40 0 0 0 0 0 0 0 0 0 6 0 0 0 0
0 0 0 0 0 1 1 6 0 27 0 4 40 40 0 0 0 0 0 0 0 0 0 6 0 0 0 0
0 0 0 0 1 1 1 9 0 28 0 40 40 67 0 0 0 0 0 0 0 0 0 0 0 0 0 0
0 0 0 0 1 1 1 10 0 37 0 40 41 171 0 0 0 0 0 0 0 0 0 0 0 0 0 0
0 0 0 0 0 0 0 3 0 25 0 0 0 0 0 0 0 0 0 0 0 0 0 0 0 0 0 0
0 0 0 0 0 0 1 5 0 28 0 0 3 71 0 0 0 0 0 0 0 0 0 0 0 0 0 0
0 0 0 0 0 1 1 7 0 29 0 4 41 71 0 0 0 0 0 0 0 0 0 0 0 0 0 0
0 0 0 0 0 1 1 6 0 27 0 0 40 40 0 0 0 0 0 0 0 0 0 0 0 0 0 0
0 0 0 0 0 1 1 9 0 40 0 0 41 176 0 0 0 0 0 0 0 0 0 0 0 0 0 0
0 0 0 0 0 1 1 7 0 33 0 4 40 66 0 0 0 0 0 0 0 0 0 0 0 0 0 0
0 0 0 0 0 1 1 7 0 29 0 4 40 84 0 0 0 0 0 0 0 1 0 10 0 0 0 32
0 0 0 0 0 0 1 5 0 28 0 0 1 84 0 0 0 0 0 0 0 1 0 10 0 0 0 32
0 0 0 0 0 1 1 14 0 46 0 0 160 161 0 0 0 0 0 0 0 0 0 0 0 0 0 0
0 0 0 0 1 1 1 24 0 61 0 160 198 199 0 0 0 0 0 0 0 0 0 0 0 0 0 0
0 0 0 0 1 1 1 19 0 54 0 40 198 198 0 0 0 0 0 0 0 0 0 0 0 0 0 0
0 0 0 0 1 1 1 14 0 44 0 40 55 198 0 0 0 0 0 0 0 0 0 6 0 0 0 0
0 0 0 0 0 1 1 6 0 27 0 4 40 46 0 0 0 0 0 0 0 0 0 6 0 0 0 0
0 0 0 0 0 0 0 0 0 5 0 0 0 0 0 0 0 0 0 0 0 0 0 0 0 0 0 0
0 0 1 0 0 1 1 52 0 349 0 0 71 176 0 0 0 0 0 0 0 0 0 0 0 0 0 0
0 0 1 0 0 1 1 52 0 349 0 0 71 176 0 0 0 0 0 0 0 0 0 0 0 0 0 0
0 0 0 0 0 0 0 4 0 26 0 0 0 32 0 0 0 0 0 0 0 0 0 0 0 0 0 0
0 0 0 0 1 1 1 10 0 33 0 40 40 138 0 0 0 0 0 0 0 2 0 14 0 0 0 32
0 0 0 0 1 1 1 10 0 34 0 40 40 138 0 0 0 0 0 0 0 2 0 14 0 0 0 32
0 0 0 0 0 1 1 8 0 36 0 0 40 171 0 0 0 0 0 0 0 0 0 0 0 0 0 0
0 0 0 0 0 1 1 6 0 28 0 0 40 84 0 0 0 0 0 0 0 1 0 10 0 0 0 32
0 0 0 0 0 1 1 10 0 38 0 0 80 179 0 0 0 0 0 0 1 4 0 21 0 0 1 67
0 0 0 0 1 1 1 18 0 55 0 51 198 198 0 0 0 0 0 0 0 2 0 18 0 0 0 0
0 0 0 0 1 1 1 16 0 49 0 40 198 198 0 0 0 0 0 0 0 0 0 0 0 0 0 0
0 0 0 0 1 1 1 11 0 41 0 40 41 176 0 0 0 0 0 0 0 0 0 0 0 0 0 0
0 0 0 0 0 0 1 5 0 32 0 0 1 66 0 0 0 0 0 0 0 0 0 0 0 0 0 0
0 0 0 0 0 0 0 3 0 25 0 0 0 0 0 0 0 0 0 0 0 0 0 0 0 0 0 0
0 0 0 0 0 1 1 24 0 114 0 0 79 297 0 0 0 0 0 0 0 0 0 0 0 0 0 0
0 0 0 0 0 1 1 24 0 114 0 0 79 297 0 0 0 0 0 0 0 0 0 0 0 0 0 0
0 0 0 0 0 1 1 15 0 49 0 4 161 192 0 0 0 0 0 0 0 0 0 0 0 0 0 0
0 0 0 0 1 1 1 15 0 43 0 40 160 161 0 0 0 0 0 0 0 0 0 0 0 0 0 0
0 0 0 0 1 1 1 8 0 29 0 40 40 72 0 0 0 0 0 0 0 0 0 0 0 0 0 0
0 0 0 0 0 1 1 9 0 34 0 0 73 139 0 0 0 0 0 0 0 0 0 0 0 0 0 0
0 0 0 0 0 1 1 9 0 35 0 0 74 142 0 0 0 0 0 0 0 1 0 10 0 0 0 32
0 0 0 0 0 1 1 10 0 38 0 0 73 180 0 0 0 0 0 0 0 1 0 10 0 0 0 32
0 0 0 0 0 0 1 5 0 27 0 0 1 66 0 0 0 0 0 0 0 0 0 0 0 0 0 0
0 0 0 0 0 1 1 6 0 27 0 0 40 40 0 0 0 0 0 0 0 0 0 0 0 0 0 0
0 0 0 0 1 1 1 7 0 27 0 40 40 40 0 0 0 0 0 0 0 0 0 0 0 0 0 0
0 0 0 0 1 1 1 9 0 34 0 40 41 138 0 0 0 0 0 0 0 0 0 0 0 0 0 0
0 0 0 0 0 1 1 11 0 41 0 4 76 191 0 0 0 0 0 0 0 0 0 0 0 0 0 0
0 0 0 0 0 0 0 4 0 26 0 0 0 32 0 0 0 0 0 0 0 0 0 0 0 0 0 0
0 0 0 0 0 0 0 3 0 25 0 0 0 0 0 0 0 0 0 0 0 0 0 0 0 0 0 0
0 0 0 0 0 0 1 4 0 26 0 0 2 48 0 0 0 0 0 0 0 0 0 0 0 0 0 0
0 0 0 0 0 0 1 4 0 26 0 0 2 48 0 0 0 0 0 0 0 0 0 0 0 0 0 0
0 0 0 0 0 1 1 9 0 37 0 0 41 176 0 0 0 0 0 0 0 0 0 0 0 0 0 0
0 0 0 0 1 1 1 7 0 28 0 40 40 66 0 0 0 0 0 0 0 0 0 0 0 0 0 0
0 0 0 0 0 1 1 5 0 26 0 0 40 40 0 0 0 0 0 0 0 0 0 0 0 0 0 0
0 0 0 0 0 0 1 5 0 28 0 0 1 84 0 0 0 0 0 0 0 1 0 10 0 0 0 32
0 0 0 0 0 0 1 5 0 28 0 0 1 84 0 0 0 0 0 0 0 1 0 10 0 0 0 32
0 0 0 0 1 1 1 25 0 71 0 160 198 232 0 0 0 0 0 0 0 0 0 0 0 0 0 0
0 0 0 0 1 1 1 30 0 74 0 160 198 232 0 0 0 0 0 0 0 0 0 0 0 0 0 0
0 0 0 0 0 1 1 12 0 43 0 4 55 198 0 0 0 0 0 0 0 0 0 0 0 0 0 0
0 0 0 0 0 1 1 5 0 26 0 0 40 46 0 0 0 0 0 0 0 0 0 0 0 0 0 0
0 0 0 0 0 0 1 4 0 26 0 0 1 40 0 0 0 0 0 0 0 0 0 0 0 0 0 0
0 0 0 0 0 0 1 7 0 36 0 0 3 176 0 0 0 0 0 0 0 0 0 0 0 0 0 0
0 0 0 0 0 0 0 4 0 27 0 0 0 59 0 0 0 0 0 0 0 0 0 0 0 0 0 0
0 0 0 0 0 1 1 5 0 26 0 0 40 40 0 0 0 0 0 0 0 0 0 0 0 0 0 0
0 0 0 0 1 1 1 8 0 28 0 40 40 40 0 0 0 0 0 0 0 0 0 0 0 0 0 0
0 0 0 0 0 1 1 7 0 32 0 4 40 40 0 0 0 0 0 0 0 0 0 0 0 0 0 0
0 0 0 0 0 0 1 8 0 39 0 0 1 171 0 0 0 0 0 0 0 0 0 0 0 0 0 0
0 0 0 0 0 0 0 3 0 25 0 0 0 0 0 0 0 0 0 0 0 0 0 0 0 0 0 0
0 0 0 0 0 1 1 8 0 37 0 0 42 179 0 0 0 0 0 0 0 1 0 10 0 0 0 32
0 0 0 0 1 1 1 19 0 55 0 45 198 198 0 0 0 0 0 0 0 1 0 10 0 0 0 32
0 0 0 0 1 1 1 15 0 50 0 40 198 198 0 0 0 0 0 0 0 0 0 0 0 0 0 0
0 0 0 0 1 1 1 11 0 38 0 40 72 178 0 0 0 0 0 0 0 0 0 0 0 0 0 0
0 0 0 0 0 1 1 7 0 28 0 4 40 66 0 0 0 0 0 0 0 0 0 0 0 0 0 0
0 0 0 0 0 0 1 4 0 26 0 0 1 40 0 0 0 0 0 0 0 0 0 0 0 0 0 0
0 0 0 0 0 1 1 11 0 49 0 0 73 177 0 0 0 0 0 0 0 0 0 0 0 0 0 0
0 0 0 0 0 1 1 24 0 114 0 0 79 297 0 0 0 0 0 0 0 0 0 0 0 0 0 0
0 0 0 0 0 1 1 25 0 112 0 4 160 192 0 0 0 0 0 0 0 0 0 0 0 0 0 0
0 0 0 0 1 1 1 16 0 57 0 40 160 160 0 0 0 0 0 0 0 0 0 0 0 0 0 0
0 0 0 0 0 1 1 10 0 52 0 0 40 171 0 0 0 0 0 0 0 0 0 0 0 0 0 0
0 0 0 0 0 1 1 8 0 33 0 0 41 138 0 0 0 0 0 0 0 0 0 0 0 0 0 0
0 0 0 0 0 1 1 8 0 33 0 0 41 138 0 0 0 0 0 0 0 0 0 0 0 0 0 0
0 0 0 0 0 0 1 7 0 36 0 0 3 176 0 0 0 0 0 0 0 0 0 0 0 0 0 0
0 0 0 0 0 1 1 6 0 29 0 0 41 90 0 0 0 0 0 0 0 1 0 10 0 0 0 32
0 0 0 0 0 1 1 6 0 28 0 0 40 84 0 0 0 0 0 0 0 1 0 10 0 0 0 32
0 0 0 0 1 1 1 27 0 111 0 40 62 308 0 0 0 0 0 0 0 15 0 84 0 0 0 272
0 0 0 0 1 1 1 32 0 113 0 48 193 308 0 0 0 0 0 0 0 15 0 84 0 0 0 272
0 0 0 0 0 1 1 9 0 36 0 0 41 171 0 0 0 0 0 0 0 0 0 0 0 0 0 0
0 0 1 0 0 3 5 164 0 966 0 12 219 1222 0 0 3 0 0 3 13 873 0 4172 0 0 492 18307
0 0 2 0 1 3 10 204 0 981 0 200 715 1455 1 0 4 0 3 6 14 1017 0 4266 0 186 6671 18556
0 0 1 0 0 1 1 41 0 207 0 4 47 595 0 0 1 0 0 0 3 144 0 1022 0 0 16 341
0 0 0 0 0 0 0 4 0 26 0 0 0 32 0 0 0 0 0 0 0 0 0 0 0 0 0 0
0 0 0 0 0 1 1 9 0 40 0 0 41 176 0 0 0 0 0 0 0 0 0 0 0 0 0 0
0 0 0 0 1 1 1 9 0 33 0 40 40 66 0 0 0 0 0 0 0 0 0 0 0 0 0 0
0 0 0 0 0 1 1 6 0 27 0 4 40 40 0 0 0 0 0 0 0 0 0 0 0 0 0 0
0 0 0 0 0 0 0 3 0 25 0 0 0 0 0 0 0 0 0 0 0 0 0 0 0 0 0 0
0 0 0 0 0 0 1 5 0 28 0 0 1 84 0 0 0 0 0 0 0 1 0 10 0 0 0 32
0 0 0 0 1 1 1 14 0 45 0 40 99 198 0 0 0 0 0 0 0 1 0 10 0 0 0 32
0 0 0 0 1 1 2 30 0 74 0 160 198 232 0 0 0 0 0 0 0 0 0 0 0 0 0 0
0 0 0 0 1 1 1 26 0 71 0 160 198 232 0 0 0 0 0 0 0 0 0 0 0 0 0 0
0 0 0 0 0 1 1 5 0 26 0 0 40 46 0 0 0 0 0 0 0 0 0 0 0 0 0 0
0 0 0 0 0 0 0 4 0 26 0 0 0 32 0 0 0 0 0 0 0 0 0 0 0 0 0 0
0 0 0 0 0 0 1 7 0 36 0 0 3 176 0 0 0 0 0 0 0 0 0 0 0 0 0 0
0 0 0 0 0 0 0 4 0 27 0 0 0 59 0 0 0 0 0 0 0 0 0 0 0 0 0 0
0 0 0 0 0 0 1 5 0 31 0 0 1 40 0 0 0 0 0 0 0 0 0 0 0 0 0 0
0 0 0 0 0 1 1 6 0 31 0 0 40 40 0 0 0 0 0 0 0 0 0 0 0 0 0 0
0 0 0 0 0 1 1 6 0 27 0 0 40 46 0 0 0 0 0 0 0 0 0 0 0 0 0 0
0 0 0 0 0 1 1 5 0 26 0 0 40 46 0 0 0 0 0 0 0 0 0 0 0 0 0 0
0 0 0 0 0 0 0 4 0 26 0 0 0 32 0 0 0 0 0 0 0 0 0 0 0 0 0 0
0 0 0 0 0 0 1 9 0 43 0 0 9 199 0 0 0 0 0 0 0 0 0 0 0 0 0 0
0 0 0 0 1 1 1 19 0 56 0 73 198 198 0 0 0 0 0 0 0 1 0 10 0 0 0 32
0 0 0 0 1 1 1 17 0 51 0 43 198 198 0 0 0 0 0 0 0 1 0 10 0 0 0 32
0 0 0 0 1 1 1 11 0 39 0 40 43 184 0 0 0 0 0 0 0 0 0 0 0 0 0 0
0 0 0 0 1 1 1 9 0 31 0 40 40 99 0 0 0 0 0 0 0 0 0 0 0 0 0 0
0 0 0 0 0 1 1 5 0 26 0 0 40 40 0 0 0 0 0 0 0 0 0 0 0 0 0 0
0 0 0 0 0 0 0 3 0 25 0 0 0 0 0 0 0 0 0 0 0 0 0 0 0 0 0 0
0 0 0 0 0 1 1 24 0 114 0 0 79 297 0 0 0 0 0 0 0 0 0 0 0 0 0 0
0 0 0 0 1 1 1 26 0 114 0 40 79 297 0 0 0 0 0 0 0 0 0 0 0 0 0 0
0 0 0 0 1 1 1 18 0 49 0 40 160 161 0 0 0 0 0 0 0 0 0 0 0 0 0 0
0 0 0 0 1 1 1 20 0 55 0 59 161 192 0 0 0 0 0 0 0 0 0 0 0 0 0 0
0 0 0 0 0 1 1 8 0 33 0 0 41 138 0 0 0 0 0 0 0 0 0 0 0 0 0 0
0 0 0 0 0 1 1 7 0 33 0 0 41 138 0 0 0 0 0 0 0 0 0 0 0 0 0 0
0 0 0 0 0 1 1 9 0 37 0 0 71 176 0 0 0 0 0 0 0 0 0 0 0 0 0 0
0 0 0 0 0 1 1 6 0 29 0 0 71 71 0 0 0 0 0 0 0 0 0 0 0 0 0 0
0 0 0 0 0 1 1 7 0 29 0 0 41 89 0 0 0 0 0 0 0 1 0 10 0 0 0 32
0 0 0 0 1 1 1 11 0 30 0 40 40 84 0 0 0 0 0 0 1 2 0 11 0 0 1 40
0 0 0 0 1 1 1 13 0 37 0 40 41 171 0 0 0 0 0 0 0 0 0 5 0 0 0 0
0 0 0 0 0 1 1 8 0 36 0 0 41 171 0 0 0 0 0 0 0 0 0 0 0 0 0 0
0 0 0 0 0 0 0 3 0 25 0 0 0 0 0 0 0 0 0 0 0 0 0 0 0 0 0 0
0 0 0 0 0 0 0 6 0 35 0 0 0 164 0 0 0 0 0 0 0 0 0 0 0 0 0 0
0 0 0 0 0 1 1 5 0 26 0 0 40 40 0 0 0 0 0 0 0 0 0 0 0 0 0 0
0 0 1 0 1 1 1 18 0 86 0 40 40 171 0 0 1 0 0 0 0 10 0 77 0 0 0 32
0 0 2 0 1 1 6 66 0 357 0 40 200 567 0 0 1 0 0 0 1 11 0 77 0 0 1 40
0 0 1 0 0 1 1 51 0 349 0 0 41 176 0 0 0 0 0 0 0 0 0 5 0 0 0 0
0 0 0 0 0 0 0 4 0 26 0 0 0 32 0 0 0 0 0 0 0 0 0 0 0 0 0 0
0 0 0 0 0 0 0 3 0 25 0 0 0 0 0 0 0 0 0 0 0 0 0 0 0 0 0 0
0 0 0 0 0 0 0 3 0 25 0 0 0 0 0 0 0 0 0 0 0 0 0 0 0 0 0 0
0 0 0 0 0 1 1 11 0 43 0 0 47 198 0 0 0 0 0 0 0 0 0 0 0 0 0 0
0 0 0 0 1 1 1 25 0 59 0 160 198 198 0 0 0 0 0 0 0 1 0 10 0 0 0 32
0 0 0 0 1 1 1 24 0 57 0 160 162 199 0 0 0 0 0 0 0 1 0 10 0 0 0 32
0 0 1 0 1 2 3 113 0 511 0 88 546 1069 0 0 1 0 0 1 4 193 0 966 0 0 546 3183
0 0 1 1 2 3 3 139 0 515 40 357 550 1069 0 0 1 0 1 3 5 324 0 1258 0 459 822 6014
0 0 1 0 1 1 3 135 0 725 10 168 352 523 0 0 0 0 1 2 3 150 0 838 0 174 488 540
0 0 0 0 0 1 1 102 0 722 0 4 76 193 0 0 0 0 0 0 1 19 0 94 0 0 8 428
0 0 0 0 0 1 1 5 0 26 0 0 40 40 0 0 0 0 0 0 0 0 0 0 0 0 0 0
0 0 0 0 1 1 1 8 0 28 0 40 40 46 0 0 0 0 0 0 0 0 0 0 0 0 0 0
0 0 0 0 0 1 1 6 0 27 0 4 40 46 0 0 0 0 0 0 0 0 0 0 0 0 0 0
0 0 0 0 0 0 0 4 0 26 0 0 0 32 0 0 0 0 0 0 0 0 0 0 0 0 0 0
0 0 0 0 0 0 0 3 0 25 0 0 0 0 0 0 0 0 0 0 0 0 0 0 0 0 0 0
0 0 0 0 0 0 1 9 0 43 0 0 9 199 0 0 0 0 0 0 0 0 0 0 0 0 0 0
0 0 0 0 0 1 1 16 0 54 0 0 198 198 0 0 0 0 0 0 0 0 0 0 0 0 0 0
0 0 0 0 1 1 1 17 0 50 0 40 198 198 0 0 0 0 0 0 0 1 0 10 0 0 0 32
0 0 0 0 1 1 1 11 0 32 0 40 72 91 0 0 0 0 0 0 0 1 0 10 0 0 0 32
0 0 0 0 0 1 1 7 0 29 0 4 41 78 0 0 0 0 0 0 0 0 0 0 0 0 0 0
0 0 0 0 0 0 1 7 0 36 0 0 1 171 0 0 0 0 0 0 0 0 0 0 0 0 0 0
0 0 0 0 0 0 0 3 0 25 0 0 0 0 0 0 0 0 0 0 0 0 0 0 0 0 0 0
0 0 0 0 0 1 2 24 0 117 0 0 82 310 0 0 0 0 0 0 0 0 0 0 0 0 0 0
0 0 0 0 0 1 2 26 0 116 0 4 82 310 0 0 0 0 0 0 0 0 0 0 0 0 0 0
0 0 0 0 0 1 1 6 0 27 0 4 40 40 0 0 0 0 0 0 0 0 0 0 0 0 0 0
1 0 5 0 1 1 18 76 0 287 10 161 201 966 0 0 5 0 0 0 18 55 0 287 0 0 11 966
1 0 5 0 1 1 18 75 0 287 0 160 201 966 0 0 5 0 0 0 18 55 0 287 0 0 11 966
0 0 0 0 0 1 1 7 0 33 0 0 41 138 0 0 0 0 0 0 0 0 0 0 0 0 0 0
0 0 0 0 0 1 1 85 0 613 0 0 72 178 0 0 0 0 0 0 0 10 0 83 0 0 0 0
0 0 0 0 0 1 1 86 0 613 0 0 72 178 0 0 0 0 0 0 0 10 0 83 0 0 0 0
0 0 0 0 0 1 1 8 0 36 0 0 40 171 0 0 0 0 0 0 0 0 0 0 0 0 0 0
0 0 0 0 1 1 1 8 0 29 0 40 40 84 0 0 0 0 0 0 0 1 0 10 0 0 0 32
0 0 0 0 1 1 1 11 0 31 0 40 49 90 0 0 0 0 0 0 0 1 0 10 0 0 0 32
0 0 0 0 1 1 1 9 0 34 0 40 49 138 0 0 0 0 0 0 0 0 0 0 0 0 0 0
0 0 0 0 0 0 0 5 0 31 0 0 0 125 0 0 0 0 0 0 0 0 0 0 0 0 0 0
0 0 0 0 0 0 0 6 0 35 0 0 0 164 0 0 0 0 0 0 0 0 0 0 0 0 0 0
0 0 0 0 0 0 1 4 0 26 0 0 1 40 0 0 0 0 0 0 0 0 0 0 0 0 0 0
0 0 0 0 0 1 1 5 0 26 0 0 40 40 0 0 0 0 0 0 0 0 0 0 0 0 0 0
0 0 0 0 1 1 1 8 0 28 0 40 40 67 0 0 0 0 0 0 0 0 0 0 0 0 0 0
0 0 0 0 1 1 1 8 0 28 0 40 40 67 0 0 0 0 0 0 0 0 0 0 0 0 0 0
0 0 0 0 0 0 1 7 0 36 0 0 1 171 0 0 0 0 0 0 0 0 0 0 0 0 0 0
0 0 0 0 0 0 0 3 0 25 0 0 0 0 0 0 0 0 0 0 0 0 0 0 0 0 0 0
0 0 0 0 0 0 0 3 0 25 0 0 0 0 0 0 0 0 0 0 0 0 0 0 0 0 0 0
0 0 0 0 0 1 1 11 0 46 0 0 47 199 0 0 0 0 0 0 0 0 0 0 0 0 0 0
0 0 0 0 1 1 1 20 0 59 0 40 198 231 0 0 0 0 0 0 0 0 0 5 0 0 0 0
0 0 0 0 1 1 2 30 0 72 0 160 200 231 0 0 0 0 0 0 1 2 0 11 0 0 1 40
0 0 0 0 1 1 1 19 0 59 0 40 160 193 0 0 0 0 0 0 0 1 0 10 0 0 0 32
0 0 0 0 0 0 3 49 0 269 0 0 1 926 0 0 0 0 0 0 0 0 0 0 0 0 0 0
0 0 0 0 0 0 3 49 0 269 0 0 3 932 0 0 0 0 0 0 0 0 0 0 0 0 0 0
0 0 0 0 0 0 1 5 0 27 0 0 1 66 0 0 0 0 0 0 0 0 0 0 0 0 0 0
0 0 0 0 0 1 1 8 0 36 0 0 40 171 0 0 0 0 0 0 0 0 0 0 0 0 0 0
0 0 0 0 0 1 1 6 0 27 0 4 40 40 0 0 0 0 0 0 0 0 0 0 0 0 0 0
0 0 0 0 0 1 2 19 0 98 0 4 41 211 0 0 0 0 0 0 0 12 0 94 0 0 0 0
0 0 0 0 0 0 2 17 0 98 0 0 3 211 0 0 0 0 0 0 0 12 0 94 0 0 0 0
0 0 0 0 0 0 0 3 0 25 0 0 0 0 0 0 0 0 0 0 0 0 0 0 0 0 0 0
0 0 0 0 0 0 1 9 0 43 0 0 9 199 0 0 0 0 0 0 0 0 0 0 0 0 0 0
0 0 0 0 0 1 1 17 0 54 0 4 198 198 0 0 0 0 0 0 0 0 0 0 0 0 0 0
0 0 0 0 1 1 1 15 0 49 0 40 198 198 0 0 0 0 0 0 0 0 0 0 0 0 0 0
0 0 0 0 1 1 1 8 0 28 0 40 40 66 0 0 0 0 0 0 0 0 0 0 0 0 0 0
0 0 0 0 1 1 1 10 0 30 0 40 41 90 0 0 0 0 0 0 0 1 0 10 0 0 0 32
0 0 0 0 0 1 1 10 0 38 0 4 42 180 0 0 0 0 0 0 0 1 0 10 0 0 0 32
0 0 0 0 0 0 0 3 0 25 0 0 0 0 0 0 0 0 0 0 0 0 0 0 0 0 0 0
0 0 0 0 0 1 1 24 0 114 0 0 79 297 0 0 0 0 0 0 0 0 0 0 0 0 0 0
0 0 0 0 1 1 1 26 0 114 0 40 79 297 0 0 0 0 0 0 0 0 0 0 0 0 0 0
0 0 0 0 0 1 1 5 0 26 0 0 40 40 0 0 0 0 0 0 0 0 0 0 0 0 0 0
0 0 0 0 1 1 1 15 0 45 0 40 160 192 0 0 0 0 0 0 0 0 0 0 0 0 0 0
0 0 0 0 1 1 1 21 0 52 0 81 160 192 0 0 0 0 0 0 0 0 0 0 0 0 0 0
0 0 0 0 0 1 1 13 0 45 0 0 153 192 0 0 0 0 0 0 0 0 0 0 0 0 0 0
0 0 0 0 0 0 0 4 0 27 0 0 0 59 0 0 0 0 0 0 0 0 0 0 0 0 0 0
0 0 0 0 0 0 0 4 0 27 0 0 0 59 0 0 0 0 0 0 0 0 0 0 0 0 0 0
0 0 0 0 0 1 1 8 0 36 0 0 40 171 0 0 0 0 0 0 0 0 0 0 0 0 0 0
0 0 0 0 0 1 1 6 0 27 0 4 40 40 0 0 0 0 0 0 0 0 0 0 0 0 0 0
0 0 0 0 1 1 1 10 0 31 0 40 49 90 0 0 0 0 0 0 0 1 0 10 0 0 0 32
0 0 0 0 1 1 1 11 0 35 0 40 74 142 0 0 0 0 0 0 0 1 0 10 0 0 0 32
0 0 0 0 0 0 0 5 0 31 0 0 0 125 0 0 0 0 0 0 0 0 0 0 0 0 0 0
0 0 0 0 0 0 0 6 0 35 0 0 0 164 0 0 0 0 0 0 0 0 0 0 0 0 0 0
0 0 0 0 0 1 1 5 0 27 0 0 40 65 0 0 0 0 0 0 0 0 0 0 0 0 0 0
0 0 0 0 1 1 1 8 0 29 0 40 41 71 0 0 0 0 0 0 0 0 0 0 0 0 0 0
0 0 0 0 1 1 1 8 0 29 0 40 41 71 0 0 0 0 0 0 0 0 0 0 0 0 0 0
0 0 0 0 1 1 1 7 0 28 0 40 40 66 0 0 0 0 0 0 0 0 0 0 0 0 0 0
0 0 0 0 0 1 1 8 0 36 0 0 40 171 0 0 0 0 0 0 0 0 0 0 0 0 0 0
0 0 0 0 0 0 0 3 0 25 0 0 0 0 0 0 0 0 0 0 0 0 0 0 0 0 0 0
0 0 0 0 1 1 2 68 0 418 0 40 61 446 0 0 0 0 0 1 2 85 0 558 0 4 160 302
0 0 0 0 1 1 2 76 0 418 0 41 199 446 0 0 0 0 0 1 2 85 0 558 0 4 160 302
0 0 0 0 1 1 1 19 0 65 0 40 198 198 0 0 0 0 0 0 0 1 0 10 0 0 0 0
0 0 0 0 1 1 1 18 0 61 0 40 55 199 0 0 0 0 0 0 0 1 0 10 0 0 0 0
0 0 0 0 1 1 1 18 0 48 0 45 160 161 0 0 0 0 0 0 0 1 0 10 0 0 0 32
0 0 0 0 1 1 1 16 0 47 0 45 160 161 0 0 0 0 0 0 0 1 0 10 0 0 0 32
0 0 0 0 0 0 0 4 0 27 0 0 0 59 0 0 0 0 0 0 0 0 0 0 0 0 0 0
0 0 0 0 0 1 1 7 0 29 0 0 71 71 0 0 0 0 0 0 0 0 0 0 0 0 0 0
0 0 0 0 1 1 1 11 0 38 0 40 71 176 0 0 0 0 0 0 0 0 0 0 0 0 0 0
0 0 0 0 0 1 1 6 0 27 0 0 40 40 0 0 0 0 0 0 0 0 0 0 0 0 0 0
0 0 0 0 0 1 1 6 0 27 0 4 40 40 0 0 0 0 0 0 0 0 0 0 0 0 0 0
0 0 0 0 0 1 1 6 0 27 0 0 40 40 0 0 0 0 0 0 0 0 0 0 0 0 0 0
0 0 0 0 0 0 0 3 0 25 0 0 0 0 0 0 0 0 0 0 0 0 0 0 0 0 0 0
0 0 0 0 0 0 1 9 0 43 0 0 9 199 0 0 0 0 0 0 0 0 0 0 0 0 0 0
0 0 0 0 1 1 1 17 0 54 0 40 198 198 0 0 0 0 0 0 0 0 0 0 0 0 0 0
0 0 0 0 1 1 1 13 0 43 0 40 47 198 0 0 0 0 0 0 0 0 0 0 0 0 0 0
0 0 0 0 1 1 1 23 0 103 0 40 41 485 0 0 0 0 0 0 0 0 0 0 0 0 0 0
0 0 1 1 2 2 3 128 0 304 74 425 1108 1108 0 0 0 0 0 0 0 0 0 0 0 0 0 0
0 0 1 1 2 2 3 122 0 292 106 208 1108 1108 0 0 0 0 0 0 0 1 0 10 0 0 0 32
0 0 0 0 1 1 1 17 0 50 0 45 165 187 0 0 0 0 0 0 0 1 0 10 0 0 0 32
0 0 0 0 1 1 1 48 0 155 0 82 337 684 0 0 0 0 0 0 0 0 0 0 0 0 0 0
0 0 0 0 1 1 2 83 0 216 0 355 684 723 0 0 0 0 0 0 0 0 0 0 0 0 0 0
0 0 0 0 1 1 1 66 0 199 0 56 684 723 0 0 0 0 0 0 0 0 0 0 0 0 0 0
0 0 0 0 1 1 1 33 0 126 0 40 200 596 0 0 0 0 0 0 0 0 0 0 0 0 0 0
0 0 0 0 1 1 1 19 0 51 0 40 160 192 0 0 0 0 0 0 0 0 0 0 0 0 0 0
0 0 0 0 1 1 1 17 0 51 0 40 160 192 0 0 0 0 0 0 0 0 0 0 0 0 0 0
0 0 0 0 0 0 0 4 0 27 0 0 0 59 0 0 0 0 0 0 0 0 0 0 0 0 0 0
0 0 0 0 0 1 1 5 0 27 0 0 40 66 0 0 0 0 0 0 0 1 0 11 0 0 0 0
0 0 0 0 0 1 1 9 0 36 0 4 40 171 0 0 0 0 0 0 0 1 0 11 0 0 0 0
0 0 0 0 1 1 1 8 0 29 0 40 40 74 0 0 0 0 0 0 0 1 0 11 0 0 0 0
0 0 0 0 1 1 1 13 0 39 0 40 73 178 0 0 0 0 0 0 0 1 0 11 0 0 0 0
0 0 0 0 0 1 1 9 0 37 0 4 41 177 0 0 0 0 0 0 0 0 0 0 0 0 0 0
0 0 0 0 0 0 1 5 0 28 0 0 1 84 0 0 0 0 0 0 0 1 0 10 0 0 0 32
0 0 0 0 0 1 1 8 0 37 0 0 42 180 0 0 0 0 0 0 0 1 0 10 0 0 0 32
0 0 0 0 0 1 1 6 0 28 0 0 40 79 0 0 0 0 0 0 0 0 0 0 0 0 0 0
0 0 0 0 0 1 1 7 0 29 0 4 40 79 0 0 0 0 0 0 0 0 0 0 0 0 0 0
0 0 0 0 1 1 1 9 0 31 0 40 72 86 0 0 0 0 0 0 0 0 0 0 0 0 0 0
0 0 0 0 1 1 1 11 0 33 0 43 78 86 0 0 0 0 0 0 0 0 0 0 0 0 0 0
0 0 0 0 0 1 1 9 0 38 0 0 78 178 0 0 0 0 0 0 0 0 0 0 0 0 0 0
0 0 0 0 0 0 0 3 0 25 0 0 0 0 0 0 0 0 0 0 0 0 0 0 0 0 0 0
0 0 0 0 0 0 0 3 0 25 0 0 0 0 0 0 0 0 0 0 0 0 0 0 0 0 0 0
0 0 0 0 0 1 1 11 0 43 0 0 47 198 0 0 0 0 0 0 0 0 0 0 0 0 0 0
0 0 0 0 1 1 1 19 0 65 0 40 198 198 0 0 0 0 0 0 0 0 0 0 0 0 0 0
0 0 0 0 1 1 1 17 0 62 0 40 93 199 0 0 0 0 0 0 0 0 0 0 0 0 0 0
0 0 0 0 1 1 1 11 0 36 0 40 80 147 0 0 0 0 0 0 0 0 0 0 0 0 0 0
0 0 0 0 1 1 1 16 0 44 0 44 160 160 0 0 0 0 0 0 0 1 0 10 0 0 0 32
0 0 0 0 0 1 1 12 0 40 0 4 97 160 0 0 0 0 0 0 0 1 0 10 0 0 0 32
0 0 0 0 0 0 0 4 0 27 0 0 0 59 0 0 0 0 0 0 0 0 0 0 0 0 0 0
0 0 0 0 0 1 1 9 0 37 0 0 41 178 0 0 0 0 0 0 0 0 0 0 0 0 0 0
0 0 0 0 1 1 1 9 0 29 0 40 40 72 0 0 0 0 0 0 0 0 0 0 0 0 0 0
0 0 0 0 1 1 1 9 0 28 0 40 40 40 0 0 0 0 0 0 0 0 0 0 0 0 0 0
0 0 0 0 0 1 1 6 0 27 0 0 40 40 0 0 0 0 0 0 0 0 0 0 0 0 0 0
0 0 0 0 0 0 0 3 0 25 0 0 0 0 0 0 0 0 0 0 0 0 0 0 0 0 0 0
0 0 0 0 0 0 1 9 0 43 0 0 9 199 0 0 0 0 0 0 0 0 0 0 0 0 0 0
0 0 0 0 0 1 1 12 0 44 0 4 93 198 0 0 0 0 0 0 0 0 0 0 0 0 0 0
0 0 0 0 0 1 1 9 0 37 0 0 42 178 0 0 0 0 0 0 0 0 0 0 0 0 0 0
0 0 0 0 0 1 1 6 0 28 0 0 40 66 0 0 0 0 0 0 0 0 0 0 0 0 0 0
0 0 2 1 1 1 2 175 0 1216 40 57 84 192 0 0 3 0 1 1 1 308 0 2248 0 52 52 563
0 0 2 1 1 1 2 179 0 1216 40 57 162 200 0 0 3 0 1 1 1 324 0 2248 0 52 83 765
0 0 0 0 1 1 1 9 0 31 0 41 57 88 0 0 0 0 1 1 1 18 0 101 0 41 52 70
0 0 0 0 0 0 1 5 0 28 0 0 1 84 0 0 0 0 0 0 0 1 0 10 0 0 0 32
0 0 0 0 1 1 1 26 0 112 0 43 79 237 0 0 0 0 0 0 0 0 0 0 0 0 0 0
0 0 0 0 1 1 1 28 0 112 0 43 79 237 0 0 0 0 0 0 0 0 0 0 0 0 0 0
0 0 0 0 1 1 1 12 0 38 0 40 41 178 0 0 0 0 0 0 0 0 0 0 0 0 0 0
0 0 0 0 1 1 1 9 0 30 0 40 41 78 0 0 0 0 0 0 0 0 0 0 0 0 0 0
0 0 0 0 1 1 1 15 0 47 0 43 160 161 0 0 0 0 0 0 0 0 0 0 0 0 0 0
0 0 0 0 0 1 1 15 0 47 0 7 160 161 0 0 0 0 0 0 0 0 0 0 0 0 0 0
0 0 0 0 0 0 0 4 0 27 0 0 0 59 0 0 0 0 0 0 0 0 0 0 0 0 0 0
0 0 0 0 0 1 1 9 0 36 0 4 40 171 0 0 0 0 0 0 0 0 0 0 0 0 0 0
0 0 0 0 0 1 1 6 0 27 0 4 40 40 0 0 0 0 0 0 0 0 0 0 0 0 0 0
0 0 0 0 1 1 1 11 0 38 0 40 73 172 0 0 0 0 0 0 0 0 0 0 0 0 0 0
0 0 2 0 2 4 9 125 0 422 0 193 707 1923 1 0 5 0 0 8 11 1361 0 8096 0 5 1773 12873
0 0 2 0 3 7 10 177 0 610 0 232 1190 2232 1 0 5 0 1 11 11 1441 0 8105 0 144 2061 13384
0 0 1 0 0 1 1 68 0 455 0 4 99 200 0 0 1 0 0 1 1 82 0 608 0 0 40 70
0 0 1 0 1 2 3 110 0 490 0 95 551 1043 0 0 1 0 1 2 4 251 0 1183 0 76 658 5509
0 0 1 1 1 2 3 112 0 490 40 90 551 1043 0 0 1 0 1 2 4 249 0 1184 0 74 658 5509
0 0 1 1 1 2 5 256 0 1265 40 54 240 5516 0 0 0 0 1 2 3 93 0 558 0 59 239 314
0 0 1 0 1 2 5 254 0 1266 0 54 240 5516 0 0 0 0 1 2 3 93 0 558 0 59 239 314
0 0 0 0 0 1 1 8 0 36 0 0 40 171 0 0 0 0 0 0 0 0 0 0 0 0 0 0
0 0 0 0 0 0 0 3 0 25 0 0 0 0 0 0 0 0 0 0 0 0 0 0 0 0 0 0
0 0 0 0 0 0 0 3 0 25 0 0 0 0 0 0 0 0 0 0 0 0 0 0 0 0 0 0
0 0 0 0 0 1 1 11 0 43 0 4 47 198 0 0 0 0 0 0 0 0 0 0 0 0 0 0
0 0 0 0 1 1 1 21 0 54 0 40 198 198 0 0 0 0 0 0 0 0 0 0 0 0 0 0
0 0 0 0 1 1 1 16 0 49 0 40 198 199 0 0 0 0 0 0 0 0 0 0 0 0 0 0
0 0 0 0 0 1 1 6 0 27 0 4 40 46 0 0 0 0 0 0 0 0 0 0 0 0 0 0
0 0 0 0 1 1 1 16 0 47 0 40 160 161 0 0 0 0 0 0 0 0 0 0 0 0 0 0
0 0 0 0 1 1 1 15 0 47 0 44 160 161 0 0 0 0 0 0 0 0 0 6 0 0 0 0
0 0 0 0 1 1 1 10 0 33 0 41 73 115 0 0 0 0 0 1 1 4 0 15 0 0 52 52
0 0 0 0 1 1 1 15 0 41 0 41 95 185 0 0 0 0 0 1 1 3 0 13 0 0 40 52
0 0 0 0 0 1 1 7 0 28 0 4 40 72 0 0 0 0 0 0 0 0 0 0 0 0 0 0
0 0 0 0 0 0 1 4 0 26 0 0 1 40 0 0 0 0 0 0 0 0 0 0 0 0 0 0
0 0 1 0 0 1 1 13 0 70 0 0 40 171 0 0 0 0 0 0 0 0 0 0 0 0 0 0
0 0 1 0 0 0 1 12 0 70 0 0 1 171 0 0 0 0 0 0 0 0 0 0 0 0 0 0
0 0 0 0 0 0 1 9 0 43 0 0 9 199 0 0 0 0 0 0 0 0 0 0 0 0 0 0
0 0 0 0 1 1 1 18 0 54 0 40 198 198 0 0 0 0 0 0 0 0 0 0 0 0 0 0
0 0 0 0 1 1 1 18 0 50 0 50 198 198 0 0 0 0 0 0 0 0 0 0 0 0 0 0
0 0 0 0 1 1 1 9 0 31 0 40 71 78 0 0 0 0 0 0 0 0 0 0 0 0 0 0
0 0 0 0 1 1 1 8 0 29 0 40 40 67 0 0 0 0 0 0 0 1 0 13 0 0 0 0
0 0 0 0 0 1 1 9 0 36 0 4 40 171 0 0 0 0 0 0 0 1 0 13 0 0 0 0
0 0 0 0 0 0 0 4 0 26 0 0 0 32 0 0 0 0 0 0 0 1 0 10 0 0 0 0
0 0 0 0 0 1 1 6 0 28 0 0 40 84 0 0 0 0 0 0 1 3 0 15 0 0 1 67
0 0 0 0 1 1 2 30 0 117 0 73 99 336 0 0 0 0 0 1 1 3 0 13 0 0 40 49
0 0 0 0 1 1 2 32 0 116 0 44 85 336 0 0 0 0 0 1 1 3 0 12 0 0 40 52
0 0 0 0 1 1 1 12 0 37 0 40 41 171 0 0 0 0 0 0 0 1 0 9 0 0 0 42
0 0 0 0 0 1 1 9 0 33 0 4 41 138 0 0 0 0 0 0 0 0 0 0 0 0 0 0
0 0 0 0 1 1 1 14 0 41 0 73 81 158 0 0 0 0 0 0 0 0 0 0 0 0 0 0
0 0 0 0 1 1 1 19 0 49 0 78 160 161 0 0 0 0 0 0 0 1 0 10 0 0 0 0
0 0 0 0 1 1 1 15 0 45 0 43 160 161 0 0 0 0 0 0 0 3 0 17 0 0 0 69
0 0 0 0 1 1 1 14 0 41 0 43 81 185 0 0 0 0 0 0 0 2 0 14 0 0 0 32
0 0 0 0 1 1 1 14 0 32 0 40 71 80 0 0 0 0 0 0 0 0 0 5 0 0 0 0
0 0 0 0 1 1 1 12 0 35 0 40 73 139 0 0 0 0 0 0 0 0 0 0 0 0 0 0
0 0 0 0 0 1 1 8 0 34 0 0 73 139 0 0 0 0 0 0 0 2 0 18 0 0 0 0
0 0 0 0 0 0 1 6 0 29 0 0 3 80 0 0 0 0 0 0 2 4 0 25 0 0 0 118
0 0 0 0 0 1 1 14 0 56 0 0 85 200 0 0 0 0 0 0 2 67 0 503 0 0 0 118
0 0 0 0 1 1 2 31 0 139 0 41 99 309 0 0 0 0 0 2 2 79 0 504 0 4 122 367
0 0 0 0 1 1 1 27 0 134 0 40 80 180 0 0 0 0 0 1 2 13 0 59 0 0 76 185
0 0 0 0 1 1 1 13 0 34 0 40 71 111 0 0 0 0 0 0 0 0 0 0 0 0 0 0
0 0 0 0 1 1 1 12 0 33 0 40 71 111 0 0 0 0 0 0 0 0 0 6 0 0 0 0
0 0 0 0 1 1 1 42 0 151 0 40 224 684 0 0 0 0 0 0 0 0 0 6 0 0 0 0
0 0 0 0 0 1 1 60 0 189 0 20 684 684 0 0 0 0 0 0 0 0 0 0 0 0 0 0
0 0 0 0 0 1 1 37 0 150 0 0 224 684 0 0 0 0 0 0 0 0 0 0 0 0 0 0
0 0 0 0 1 1 1 35 0 128 0 40 198 596 0 0 0 0 0 0 0 0 0 0 0 0 0 0
0 0 0 0 1 1 1 27 0 98 0 40 198 199 0 0 0 0 0 0 0 0 0 0 0 0 0 0
0 0 0 0 1 1 1 13 0 44 0 40 55 199 0 0 0 0 0 0 0 0 0 0 0 0 0 0
0 0 0 0 0 1 1 6 0 27 0 4 40 48 0 0 0 0 0 0 0 0 0 0 0 0 0 0
0 0 0 0 0 0 0 4 0 26 0 0 0 39 0 0 0 0 0 0 0 0 0 0 0 0 0 0
0 0 0 0 0 1 1 15 0 47 0 7 160 161 0 0 0 0 0 0 0 0 0 0 0 0 0 0
0 0 0 0 1 1 1 16 0 47 0 72 160 161 0 0 0 0 0 0 0 0 0 0 0 0 0 0
0 0 1 0 1 1 1 21 0 72 0 40 99 200 0 0 0 0 0 0 0 1 0 10 0 0 0 32
0 0 1 0 1 1 1 17 0 68 0 40 42 180 0 0 0 0 0 0 0 1 0 10 0 0 0 32
0 0 0 0 0 1 1 6 0 27 0 4 40 40 0 0 0 0 0 0 0 0 0 0 0 0 0 0
0 0 0 0 0 1 1 6 0 27 0 0 40 40 0 0 0 0 0 0 0 0 0 0 0 0 0 0
0 0 0 0 0 0 1 4 0 26 0 0 1 40 0 0 0 0 0 0 0 0 0 6 0 0 0 0
0 0 0 0 0 1 1 10 0 43 0 0 48 199 0 0 0 0 0 0 0 0 0 6 0 0 0 0
0 0 0 0 1 1 1 18 0 54 0 40 198 198 0 0 0 0 0 0 0 1 0 10 0 0 0 0
0 0 0 0 1 1 1 17 0 50 0 40 198 198 0 0 0 0 0 0 0 1 0 10 0 0 0 0
0 0 0 0 0 1 1 8 0 30 0 4 72 80 0 0 0 0 0 0 0 0 0 0 0 0 0 0
0 0 0 0 1 1 1 13 0 34 0 72 78 80 0 0 0 0 0 0 0 0 0 0 0 0 0 0
0 0 0 0 1 1 1 13 0 40 0 43 78 178 0 0 0 0 0 0 0 0 0 0 0 0 0 0
0 0 0 0 0 0 0 3 0 25 0 0 0 0 0 0 0 0 0 0 0 0 0 0 0 0 0 0
0 0 0 0 0 0 0 3 0 25 0 0 0 0 0 0 0 0 0 0 0 0 0 0 0 0 0 0
0 0 0 0 1 2 2 30 0 115 0 73 123 297 0 0 0 0 0 0 0 0 0 0 0 0 0 0
0 0 0 0 1 2 2 33 0 115 0 73 123 297 0 0 0 0 0 0 0 1 0 10 0 0 0 32
0 0 0 0 1 1 1 13 0 42 0 40 76 180 0 0 0 0 0 0 1 3 0 14 0 0 1 67
1 0 2 1 4 6 7 402 0 1485 58 345 1512 6914 1 0 2 0 4 9 11 1116 0 3384 0 4133 9044 12376
1 0 2 1 5 6 7 414 0 1484 80 496 1512 6914 1 0 3 0 6 9 11 1231 0 3429 10 4328 9044 12376
0 0 0 0 1 1 3 31 0 95 0 160 162 400 0 0 0 0 0 0 4 116 0 751 0 0 0 1027
0 0 0 0 1 1 1 15 0 47 0 44 160 161 0 0 0 0 0 0 0 0 0 6 0 0 0 0
0 0 0 0 1 1 1 11 0 37 0 40 40 171 0 0 0 0 0 0 0 0 0 6 0 0 0 0
0 0 0 0 1 1 1 10 0 29 0 40 40 40 0 0 0 0 0 0 0 0 0 0 0 0 0 0
0 0 0 0 1 1 1 11 0 37 0 40 41 171 0 0 0 0 0 0 0 0 0 0 0 0 0 0
0 0 0 0 0 1 1 8 0 36 0 0 41 171 0 0 0 0 0 0 0 0 0 0 0 0 0 0
0 0 0 0 0 0 0 3 0 25 0 0 0 0 0 0 0 0 0 0 0 0 0 0 0 0 0 0
0 0 0 0 0 0 0 6 0 35 0 0 0 164 0 0 0 0 0 0 0 0 0 0 0 0 0 0
0 0 0 0 0 1 1 6 0 28 0 0 40 72 0 0 0 0 0 0 0 0 0 0 0 0 0 0
0 0 0 0 1 1 1 8 0 30 0 40 41 91 0 0 0 0 0 0 0 1 0 10 0 0 0 32
0 0 0 0 1 1 1 9 0 30 0 40 41 90 0 0 0 0 0 0 0 1 0 10 0 0 0 32
0 0 0 0 1 1 1 9 0 35 0 40 41 111 0 0 0 0 0 0 0 0 0 0 0 0 0 0
0 0 0 0 0 1 1 10 0 42 0 0 43 185 0 0 0 0 0 0 0 0 0 0 0 0 0 0
0 0 0 0 0 0 0 3 0 25 0 0 0 0 0 0 0 0 0 0 0 0 0 0 0 0 0 0
0 0 1 0 0 1 1 77 0 482 0 0 166 478 0 0 1 0 0 0 0 71 0 481 0 0 0 442
0 0 1 0 1 1 2 100 0 485 0 168 216 540 0 0 1 0 0 0 1 80 0 485 0 0 26 540
0 0 0 1 1 1 1 43 0 108 40 168 198 478 0 0 0 0 0 0 1 18 0 97 0 0 2 452
0 0 0 0 1 1 1 25 0 84 0 40 198 232 0 0 0 0 0 0 0 9 0 69 0 0 0 42
0 0 0 0 0 0 0 4 0 31 0 0 0 32 0 0 0 0 0 0 0 0 0 0 0 0 0 0
0 0 1 0 0 1 7 420 0 2223 0 0 75 9030 0 0 0 0 0 0 3 75 0 518 0 0 4 346
0 0 1 0 0 1 7 421 0 2223 0 4 94 9030 0 0 0 0 0 0 3 75 0 518 0 0 4 346
0 0 0 0 0 1 1 13 0 43 0 4 160 160 0 0 0 0 0 0 0 0 0 0 0 0 0 0
0 0 0 0 1 1 1 18 0 49 0 51 160 192 0 0 0 0 0 0 0 0 0 0 0 0 0 0
0 0 0 0 1 1 1 11 0 31 0 40 49 91 0 0 0 0 0 0 0 1 0 10 0 0 0 32
0 0 0 0 1 1 1 9 0 30 0 40 40 84 0 0 0 0 0 0 0 1 0 10 0 0 0 32
0 0 0 0 0 1 1 5 0 26 0 0 40 40 0 0 0 0 0 0 0 0 0 0 0 0 0 0
0 0 0 0 0 0 0 3 0 25 0 0 0 0 0 0 0 0 0 0 0 0 0 0 0 0 0 0
0 0 0 0 0 0 1 9 0 43 0 0 9 199 0 0 0 0 0 0 0 0 0 0 0 0 0 0
0 0 0 0 1 1 1 15 0 49 0 40 198 198 0 0 0 0 0 0 0 0 0 0 0 0 0 0
0 0 0 0 1 1 1 13 0 44 0 40 47 198 0 0 0 0 0 0 0 0 0 0 0 0 0 0
0 0 0 0 1 1 1 9 0 29 0 40 40 66 0 0 0 0 0 0 0 0 0 0 0 0 0 0
0 0 0 0 1 1 1 9 0 33 0 40 40 66 0 0 0 0 0 0 0 0 0 6 0 0 0 0
