0 0 0 0 0 1 1 45 0 426 0 0 40 160 0 0 1 0 0 0 0 51 0 554 0 0 0 0
0 0 0 0 0 0 0 1 0 6 0 0 0 24 0 0 0 0 0 0 0 0 0 0 0 0 0 0
0 0 0 0 0 0 1 11 0 80 0 0 0 73 0 0 0 0 0 0 0 0 0 0 0 0 0 0
0 0 0 0 0 1 1 12 0 80 0 0 40 86 0 0 0 0 0 0 0 0 0 7 0 0 0 0
0 0 0 0 0 1 1 2 0 12 0 0 40 40 0 0 0 0 0 0 0 1 0 8 0 0 0 24
0 0 0 0 0 0 0 0 0 5 0 0 0 0 0 0 0 0 0 0 0 0 0 3 0 0 0 0
0 0 0 0 0 0 0 1 0 6 0 0 0 24 0 0 0 0 0 0 0 0 0 0 0 0 0 0
0 0 0 0 0 0 0 1 0 6 0 0 0 24 0 0 0 0 0 0 0 0 0 0 0 0 0 0
0 0 0 0 0 0 0 0 0 0 0 0 0 0 0 0 0 0 0 0 0 0 0 0 0 0 0 0
0 0 0 0 0 0 1 5 0 28 0 0 0 160 0 0 0 0 0 0 0 0 0 0 0 0 0 0
0 0 0 0 0 1 1 7 0 30 0 0 40 160 0 0 0 0 0 0 0 0 0 7 0 0 0 0
0 0 0 0 0 0 1 1 0 10 0 0 0 40 0 0 0 0 0 0 0 0 0 7 0 0 0 0
0 0 0 0 0 0 0 0 0 0 0 0 0 0 0 0 0 0 0 0 0 0 0 0 0 0 0 0
0 0 0 0 0 0 0 0 0 3 0 0 0 0 0 0 0 0 0 0 0 0 0 0 0 0 0 0
0 0 0 0 0 0 0 1 0 6 0 0 0 24 0 0 0 0 0 0 0 0 0 0 0 0 0 0
0 0 0 0 0 0 0 0 0 5 0 0 0 0 0 0 0 0 0 0 0 0 0 0 0 0 0 0
0 0 0 0 0 0 0 0 0 5 0 0 0 0 0 0 0 0 0 0 0 0 0 0 0 0 0 0
0 0 0 0 0 0 1 2 0 11 0 0 0 40 0 0 0 0 0 0 0 0 0 7 0 0 0 0
0 0 0 0 0 0 0 1 0 9 0 0 0 24 0 0 0 0 0 0 0 0 0 7 0 0 0 0
0 0 0 0 0 0 1 6 0 30 0 0 0 160 0 0 0 0 0 0 0 0 0 7 0 0 0 0
0 0 2 0 0 1 1 21 0 123 0 0 45 185 0 0 2 0 0 0 0 15 0 120 0 0 0 54
0 0 2 0 0 0 1 15 0 120 0 0 0 40 0 0 2 0 0 0 0 14 0 120 0 0 0 0
0 0 0 0 0 0 1 10 0 80 0 0 0 73 0 0 0 0 0 0 0 0 0 0 0 0 0 0
0 0 3 0 0 1 1 26 0 186 0 0 40 225 0 0 2 0 0 0 0 15 0 169 0 0 0 0
0 0 3 0 0 0 1 17 0 169 0 0 0 44 0 0 3 0 0 0 0 16 0 169 0 0 0 24
0 0 0 0 0 0 0 1 0 9 0 0 0 0 0 0 0 0 0 0 0 0 0 7 0 0 0 0
0 0 0 0 0 0 0 1 0 9 0 0 0 24 0 0 0 0 0 0 0 0 0 0 0 0 0 0
0 0 0 0 0 0 1 2 0 10 0 0 0 40 0 0 0 0 0 0 0 0 0 0 0 0 0 0
0 0 0 0 0 0 0 0 0 5 0 0 0 0 0 0 0 0 0 0 0 0 0 0 0 0 0 0
0 0 0 0 0 0 1 4 0 25 0 0 0 114 0 0 0 0 0 0 0 0 0 0 0 0 0 0
0 0 0 0 0 1 1 7 0 30 0 0 41 160 0 0 0 0 0 0 0 0 0 7 0 0 0 0
0 0 0 0 0 0 1 3 0 18 0 0 0 64 0 0 0 0 0 0 0 0 0 7 0 0 0 0
0 0 0 0 0 0 0 0 0 3 0 0 0 0 0 0 0 0 0 0 0 0 0 0 0 0 0 0
0 0 0 0 0 0 0 0 0 5 0 0 0 0 0 0 0 0 0 0 0 0 0 0 0 0 0 0
0 0 1 0 0 3 6 82 0 411 0 4 390 931 0 0 1 0 1 2 8 142 0 1003 0 52 81 714
0 0 1 0 1 3 6 84 0 411 0 52 390 931 0 0 1 0 1 2 8 148 0 1003 0 52 160 714
0 0 0 0 0 0 1 2 0 11 0 0 0 40 0 0 0 0 0 1 1 6 0 27 0 0 52 94
0 0 0 0 0 0 1 2 0 11 0 0 0 40 0 0 0 0 0 0 1 1 0 10 0 0 0 47
0 0 0 0 0 0 1 1 0 10 0 0 0 40 0 0 0 0 0 0 0 0 0 7 0 0 0 0
0 0 0 0 0 0 0 0 0 5 0 0 0 0 0 0 0 0 0 0 0 0 0 6 0 0 0 0
0 0 0 0 0 1 1 6 0 29 0 0 40 160 0 0 0 0 0 0 0 0 0 6 0 0 0 0
0 0 0 0 0 0 1 5 0 28 0 0 0 160 0 0 0 0 0 0 0 0 0 0 0 0 0 0
0 0 0 0 0 0 0 2 0 29 0 0 0 0 0 0 0 0 0 0 0 0 0 0 0 0 0 0
0 0 0 0 0 0 1 11 0 80 0 0 1 97 0 0 0 0 0 0 0 0 0 0 0 0 0 0
0 0 0 0 0 0 1 9 0 76 0 0 1 86 0 0 0 0 0 0 0 0 0 7 0 0 0 0
0 0 0 0 0 0 0 1 0 9 0 0 0 0 0 0 0 0 0 0 0 0 0 7 0 0 0 0
0 0 0 0 0 0 0 0 0 5 0 0 0 0 0 0 0 0 0 0 0 0 0 0 0 0 0 0
0 0 0 0 0 0 0 1 0 6 0 0 0 24 0 0 0 0 0 0 0 0 0 0 0 0 0 0
0 0 0 0 0 0 0 0 0 3 0 0 0 0 0 0 0 0 0 0 0 0 0 0 0 0 0 0
0 0 0 0 0 0 0 0 0 5 0 0 0 0 0 0 0 0 0 0 0 0 0 0 0 0 0 0
0 0 0 0 0 1 1 6 0 29 0 0 40 160 0 0 0 0 0 0 0 0 0 0 0 0 0 0
0 0 0 0 0 1 1 6 0 30 0 0 40 160 0 0 0 0 0 0 0 0 0 7 0 0 0 0
0 0 0 0 0 0 1 30 0 304 0 0 0 73 0 0 0 0 0 0 1 41 0 390 0 0 0 61
0 0 0 0 0 0 1 29 0 304 0 0 0 40 0 0 0 0 0 0 0 40 0 390 0 0 0 0
0 0 0 0 0 0 0 1 0 6 0 0 0 24 0 0 0 0 0 0 0 0 0 0 0 0 0 0
0 0 0 0 0 0 0 0 0 3 0 0 0 0 0 0 0 0 0 0 0 0 0 0 0 0 0 0
0 0 0 0 0 0 0 0 0 5 0 0 0 0 0 0 0 0 0 0 0 0 0 0 0 0 0 0
0 0 0 0 0 0 0 1 0 6 0 0 0 24 0 0 0 0 0 0 0 0 0 0 0 0 0 0
0 0 0 0 0 0 0 1 0 9 0 0 0 24 0 0 0 0 0 0 0 0 0 7 0 0 0 0
0 0 0 0 0 0 1 1 0 10 0 0 0 40 0 0 0 0 0 0 0 0 0 7 0 0 0 0
0 0 0 0 0 1 1 6 0 29 0 0 40 160 0 0 0 0 0 0 0 0 0 0 0 0 0 0
0 0 1 0 0 1 5 60 0 334 0 4 161 813 0 0 3 0 0 1 8 630 0 5269 0 0 55 1900
0 0 1 0 1 3 6 92 0 464 0 40 372 1060 0 0 3 0 0 5 8 695 0 5296 0 4 620 4860
0 0 0 0 1 1 2 48 0 337 0 40 73 496 0 0 0 0 0 0 1 64 0 604 0 0 0 260
0 0 0 0 0 1 1 11 0 80 0 0 40 73 0 0 0 0 0 0 0 0 0 0 0 0 0 0
0 0 0 0 0 0 0 1 0 9 0 0 0 0 0 0 0 0 0 0 0 0 0 7 0 0 0 0
0 0 0 0 0 0 0 1 0 9 0 0 0 0 0 0 0 0 0 0 0 0 0 7 0 0 0 0
0 0 0 0 0 0 0 1 0 6 0 0 0 24 0 0 0 0 0 0 0 0 0 0 0 0 0 0
0 0 0 0 0 0 0 1 0 6 0 0 0 24 0 0 0 0 0 0 0 0 0 0 0 0 0 0
0 0 0 0 0 0 0 0 0 5 0 0 0 0 0 0 0 0 0 0 0 0 0 4 0 0 0 0
0 0 0 0 0 1 1 6 0 29 0 0 40 160 0 0 0 0 0 0 0 0 0 4 0 0 0 0
0 0 0 0 0 0 1 6 0 29 0 0 1 160 0 0 0 0 0 0 0 0 0 0 0 0 0 0
0 0 0 0 0 0 0 1 0 9 0 0 0 24 0 0 0 0 0 0 0 0 0 7 0 0 0 0
0 0 0 0 0 0 1 1 0 10 0 0 0 40 0 0 0 0 0 0 0 0 0 7 0 0 0 0
0 0 0 0 0 0 0 0 0 5 0 0 0 0 0 0 0 0 0 0 0 0 0 0 0 0 0 0
0 0 0 0 0 0 0 0 0 3 0 0 0 0 0 0 0 0 0 0 0 0 0 7 0 0 0 0
0 0 0 0 0 0 1 2 0 10 0 0 0 40 0 0 0 0 0 0 0 1 0 8 0 0 0 0
0 0 0 0 0 0 1 2 0 11 0 0 0 45 0 0 0 0 0 0 0 0 0 4 0 0 0 0
0 0 0 0 0 0 0 0 0 4 0 0 0 0 0 0 0 0 0 0 0 0 0 0 0 0 0 0
0 0 0 0 0 0 1 2 0 14 0 0 0 40 0 0 0 0 0 0 1 2 0 12 0 0 0 40
0 0 0 0 0 1 1 8 0 32 0 0 42 160 0 0 0 0 0 0 1 2 0 12 0 0 0 40
0 0 0 0 0 1 1 7 0 30 0 0 40 160 0 0 0 0 0 0 0 1 0 13 0 0 0 0
0 0 0 0 0 0 0 0 0 7 0 0 0 0 0 0 0 0 0 0 0 1 0 13 0 0 0 0
0 0 0 0 0 1 1 11 0 80 0 0 40 73 0 0 0 0 0 0 0 0 0 0 0 0 0 0
0 0 0 0 0 1 1 11 0 80 0 0 40 73 0 0 0 0 0 0 0 0 0 0 0 0 0 0
0 0 0 0 0 0 0 1 0 9 0 0 0 0 0 0 0 0 0 0 0 0 0 7 0 0 0 0
0 0 0 0 0 0 0 1 0 9 0 0 0 24 0 0 0 0 0 0 0 0 0 7 0 0 0 0
0 0 2 0 0 0 1 17 0 125 0 0 1 47 0 0 2 0 0 0 0 16 0 125 0 0 0 32
0 0 2 0 0 0 1 17 0 125 0 0 0 47 0 0 2 0 0 0 0 16 0 125 0 0 0 32
0 0 0 0 0 0 0 1 0 6 0 0 0 24 0 0 0 0 0 0 0 0 0 7 0 0 0 0
0 0 0 0 0 0 1 4 0 21 0 0 1 40 0 0 0 0 0 0 0 0 0 7 0 0 0 0
0 0 0 0 0 0 1 5 0 28 0 0 0 160 0 0 0 0 0 0 0 0 0 0 0 0 0 0
0 0 0 0 0 0 1 3 0 22 0 0 0 73 0 0 0 0 0 0 0 0 0 7 0 0 0 0
0 0 0 0 0 0 1 1 0 10 0 0 0 40 0 0 0 0 0 0 0 0 0 7 0 0 0 0
0 0 0 0 0 0 0 0 0 5 0 0 0 0 0 0 0 0 0 0 0 0 0 0 0 0 0 0
0 0 0 0 0 0 0 0 0 0 0 0 0 0 0 0 0 0 0 0 0 0 0 0 0 0 0 0
0 0 1 0 1 2 4 97 0 563 0 40 241 1175 0 0 1 0 0 4 5 374 0 1935 0 0 420 5555
0 0 1 0 2 3 4 109 0 567 0 80 347 1247 0 0 1 0 1 4 5 413 0 1963 0 58 2457 5555
0 0 0 0 0 0 2 12 0 82 0 0 0 202 0 0 0 0 0 0 1 39 0 372 0 0 0 120
0 0 0 0 0 0 1 1 0 10 0 0 0 40 0 0 0 0 0 0 0 0 0 7 0 0 0 0
0 0 0 0 0 0 1 2 0 11 0 0 0 40 0 0 0 0 0 0 0 0 0 7 0 0 0 0
0 0 0 0 0 0 1 5 0 28 0 0 0 160 0 0 0 0 0 0 0 0 0 0 0 0 0 0
0 0 0 0 0 1 2 20 0 101 0 0 160 247 0 0 0 0 0 0 0 58 0 588 0 0 0 32
0 0 0 0 0 1 3 26 0 125 0 0 73 483 0 0 0 0 0 0 1 59 0 588 0 0 0 74
0 0 0 0 0 1 1 12 0 80 0 0 40 73 0 0 0 0 0 0 0 0 0 7 0 0 0 0
0 0 0 0 0 0 0 0 0 3 0 0 0 0 0 0 0 0 0 0 0 0 0 0 0 0 0 0
0 0 0 0 0 0 1 2 0 11 0 0 0 40 0 0 0 0 0 0 0 1 0 10 0 0 0 24
0 0 0 0 0 0 1 2 0 11 0 0 0 40 0 0 0 0 0 0 0 1 0 10 0 0 0 24
0 0 0 0 0 0 0 0 0 0 0 0 0 0 0 0 0 0 0 0 0 0 0 0 0 0 0 0
0 0 0 0 0 0 0 0 0 0 0 0 0 0 0 0 0 0 0 0 0 0 0 0 0 0 0 0
0 0 0 0 0 0 1 11 0 102 0 0 0 49 0 0 0 0 0 0 0 7 0 82 0 0 0 0
0 0 0 0 0 1 1 16 0 105 0 0 56 160 0 0 0 0 0 0 0 7 0 82 0 0 0 0
0 0 1 0 0 1 1 109 0 1079 0 0 160 208 0 0 0 0 0 0 0 38 0 396 0 0 0 32
0 0 1 0 1 1 2 144 0 1143 0 40 80 271 0 0 1 0 0 1 2 82 0 553 0 0 124 307
0 0 1 1 3 6 6 199 0 860 40 327 570 2654 0 0 2 0 3 6 7 605 0 2356 10 582 4386 6663
0 0 1 1 3 6 6 169 0 776 40 351 570 1716 0 0 2 0 3 6 7 623 0 2397 0 582 6519 6663
0 0 0 0 0 1 1 11 0 66 0 0 40 117 0 0 0 0 0 0 1 61 0 607 0 0 0 108
0 0 0 0 0 0 0 1 0 6 0 0 0 24 0 0 0 0 0 0 0 0 0 0 0 0 0 0
0 0 0 0 0 0 0 23 0 177 0 0 0 24 0 0 0 0 0 0 0 0 0 0 0 0 0 0
0 0 0 0 0 0 0 22 0 177 0 0 0 0 0 0 0 0 0 0 0 0 0 0 0 0 0 0
0 0 0 0 0 0 1 2 0 11 0 0 0 40 0 0 0 0 0 0 0 0 0 7 0 0 0 0
0 0 0 0 0 1 1 7 0 30 0 0 40 160 0 0 0 0 0 0 0 1 0 10 0 0 0 24
0 0 0 0 0 0 1 5 0 28 0 0 0 160 0 0 0 0 0 0 0 0 0 7 0 0 0 0
0 0 0 0 0 0 1 33 0 259 0 0 1 225 0 0 0 0 0 0 0 0 0 0 0 0 0 0
0 0 0 0 0 1 1 34 0 259 0 0 40 225 0 0 0 0 0 0 0 0 0 0 0 0 0 0
0 0 0 0 0 0 0 0 0 5 0 0 0 0 0 0 0 0 0 0 0 0 0 0 0 0 0 0
0 0 0 0 0 0 0 1 0 8 0 0 0 24 0 0 0 0 0 0 0 0 0 0 0 0 0 0
0 0 0 0 0 1 1 3 0 14 0 0 40 59 0 0 0 0 0 0 0 0 0 7 0 0 0 0
0 0 0 0 0 0 1 2 0 11 0 0 0 40 0 0 0 0 0 0 0 0 0 7 0 0 0 0
0 0 0 0 0 0 0 0 0 0 0 0 0 0 0 0 0 0 0 0 0 0 0 0 0 0 0 0
0 0 0 0 0 0 0 1 0 6 0 0 0 24 0 0 0 0 0 0 0 0 0 0 0 0 0 0
0 0 0 0 0 1 1 6 0 29 0 0 40 160 0 0 0 0 0 0 0 0 0 0 0 0 0 0
0 0 0 0 0 1 1 8 0 31 0 0 80 160 0 0 0 0 0 0 1 1 0 7 0 0 0 40
0 0 0 0 0 1 2 5 0 17 0 4 40 80 0 0 0 0 0 1 1 4 0 20 0 0 40 65
0 0 0 0 0 1 1 4 0 16 0 0 40 64 0 0 0 0 0 1 1 5 0 22 0 0 40 81
0 0 0 0 0 0 1 2 0 12 0 0 0 40 0 0 0 0 0 0 1 1 0 11 0 0 0 40
0 0 0 0 0 0 0 0 0 5 0 0 0 0 0 0 0 0 0 0 0 0 0 0 0 0 0 0
0 0 0 0 0 0 0 1 0 6 0 0 0 24 0 0 0 0 0 0 0 0 0 0 0 0 0 0
0 0 0 0 0 0 0 0 0 3 0 0 0 0 0 0 0 0 0 0 0 0 0 0 0 0 0 0
0 0 0 0 0 0 0 0 0 3 0 0 0 0 0 0 0 0 0 0 0 0 0 0 0 0 0 0
0 0 0 0 0 0 1 2 0 11 0 0 0 40 0 0 0 0 0 0 0 0 0 7 0 0 0 0
0 0 0 0 0 1 1 7 0 30 0 0 40 160 0 0 0 0 0 0 0 0 0 7 0 0 0 0
0 0 0 0 0 0 1 6 0 29 0 0 1 160 0 0 0 0 0 0 0 0 0 0 0 0 0 0
0 0 0 0 0 1 1 11 0 80 0 0 40 73 0 0 0 0 0 0 0 0 0 0 0 0 0 0
0 0 0 0 0 0 1 11 0 80 0 0 0 73 0 0 0 0 0 0 0 0 0 0 0 0 0 0
0 0 0 0 0 0 0 0 0 0 0 0 0 0 0 0 0 0 0 0 0 0 0 0 0 0 0 0
0 0 0 0 0 0 0 0 0 0 0 0 0 0 0 0 0 0 0 0 0 0 0 0 0 0 0 0
0 0 0 0 0 0 1 2 0 11 0 0 0 40 0 0 0 0 0 0 0 0 0 7 0 0 0 0
0 0 0 0 0 0 1 2 0 11 0 0 1 40 0 0 0 0 0 0 0 1 0 10 0 0 0 24
0 0 0 0 0 0 0 2 0 18 0 0 0 24 0 0 0 0 0 0 0 0 0 6 0 0 0 0
0 0 0 0 0 0 1 4 0 26 0 0 0 40 0 0 0 0 0 0 0 0 0 0 0 0 0 0
0 0 1 0 0 0 1 10 0 60 0 0 1 184 0 0 0 0 0 0 0 4 0 53 0 0 0 0
0 0 1 0 0 1 1 13 0 65 0 0 160 185 0 0 0 0 0 0 0 4 0 53 0 0 0 0
0 0 0 0 0 1 1 9 0 39 0 0 45 185 0 0 0 0 0 0 0 0 0 0 0 0 0 0
0 0 0 0 0 1 1 7 0 32 0 0 40 159 0 0 0 0 0 0 0 0 0 7 0 0 0 0
0 0 0 0 0 1 2 48 0 312 0 0 54 280 0 0 0 0 0 1 1 87 0 655 0 0 40 87
0 0 0 0 0 1 2 47 0 312 0 0 40 280 0 0 1 0 0 1 1 88 0 655 0 0 40 100
0 0 0 0 0 1 1 5 0 26 0 0 40 40 0 0 0 0 0 0 0 2 0 13 0 0 0 39
0 0 0 0 0 0 1 6 0 31 0 0 1 139 0 0 0 0 0 0 0 0 0 5 0 0 0 0
0 0 0 0 0 0 0 5 0 31 0 0 0 124 0 0 0 0 0 0 0 0 0 0 0 0 0 0
0 0 0 0 0 0 1 4 0 26 0 0 1 40 0 0 0 0 0 0 0 0 0 3 0 0 0 0
0 0 0 0 0 1 1 5 0 27 0 0 40 73 0 0 0 0 0 0 0 1 0 8 0 0 0 24
0 0 0 0 1 1 2 53 0 326 0 40 161 200 0 0 0 0 0 1 1 47 0 453 0 0 40 65
0 0 0 0 1 1 3 66 0 335 0 81 200 631 0 0 0 0 0 1 1 47 0 453 0 0 40 94
0 0 0 0 0 1 1 17 0 85 0 4 73 200 0 0 0 0 0 0 0 1 0 11 0 0 0 0
0 0 0 0 0 0 0 3 0 25 0 0 0 25 0 0 0 0 0 0 0 0 0 4 0 0 0 0
0 0 0 0 0 0 1 4 0 28 0 0 0 40 0 0 0 0 0 0 0 0 0 4 0 0 0 0
0 0 0 0 0 0 1 4 0 28 0 0 0 40 0 0 0 0 0 0 0 0 0 3 0 0 0 0
0 0 0 0 0 1 1 7 0 33 0 0 40 159 0 0 0 0 0 0 0 1 0 8 0 0 0 24
0 0 0 0 0 0 1 6 0 33 0 0 1 159 0 0 0 0 0 0 0 0 0 7 0 0 0 0
0 0 0 0 0 0 1 4 0 26 0 0 0 40 0 0 0 0 0 0 0 0 0 0 0 0 0 0
0 0 0 0 0 0 1 4 0 26 0 0 1 40 0 0 0 0 0 0 0 0 0 8 0 0 0 0
0 0 0 0 0 1 1 9 0 38 0 0 45 161 0 0 0 0 0 0 0 0 0 8 0 0 0 0
0 0 0 0 0 1 1 10 0 41 0 0 160 185 0 0 0 0 0 0 0 0 0 0 0 0 0 0
0 0 0 0 0 0 1 5 0 31 0 0 0 142 0 0 0 0 0 0 0 0 0 0 0 0 0 0
0 0 0 0 0 0 1 4 0 27 0 0 0 76 0 0 0 0 0 0 0 0 0 7 0 0 0 0
0 0 0 0 0 0 1 5 0 27 0 0 1 73 0 0 0 0 0 0 0 0 0 7 0 0 0 0
0 0 0 0 0 1 1 5 0 27 0 0 40 71 0 0 0 0 0 0 0 0 0 0 0 0 0 0
0 0 0 0 0 0 1 6 0 32 0 0 1 150 0 0 0 0 0 0 0 0 0 0 0 0 0 0
0 0 0 0 0 0 0 5 0 31 0 0 0 124 0 0 0 0 0 0 0 0 0 0 0 0 0 0
0 0 0 0 0 0 1 4 0 26 0 0 0 40 0 0 0 0 0 0 0 0 0 0 0 0 0 0
0 0 0 0 0 0 1 4 0 26 0 0 0 40 0 0 0 0 0 0 0 0 0 0 0 0 0 0
0 0 0 0 0 1 1 9 0 40 0 0 97 161 0 0 0 0 0 0 0 0 0 7 0 0 0 0
0 0 0 0 0 1 1 15 0 52 0 4 160 200 0 0 0 0 0 0 0 0 0 7 0 0 0 0
0 0 0 0 0 1 1 16 0 85 0 0 73 200 0 0 0 0 0 0 0 0 0 0 0 0 0 0
0 0 0 0 0 0 1 11 0 79 0 0 0 151 0 0 0 0 0 0 0 0 0 0 0 0 0 0
0 0 0 0 0 0 1 4 0 26 0 0 0 40 0 0 0 0 0 0 0 0 0 0 0 0 0 0
0 0 0 0 0 0 1 4 0 26 0 0 0 40 0 0 0 0 0 0 0 0 0 0 0 0 0 0
0 0 0 0 0 0 1 5 0 31 0 0 0 139 0 0 0 0 0 0 0 0 0 0 0 0 0 0
0 0 0 0 0 1 2 49 0 385 0 0 99 291 0 0 0 0 0 0 3 76 0 454 0 0 1 1674
0 0 0 0 0 1 2 47 0 385 0 0 73 291 0 0 0 0 0 0 3 76 0 454 0 0 1 1674
0 0 2 0 0 0 1 11 0 85 0 0 0 139 0 0 1 0 0 0 0 7 0 58 0 0 0 0
0 0 2 0 0 1 1 16 0 89 0 0 160 185 0 0 1 0 0 0 0 7 0 58 0 0 0 0
0 0 0 0 0 1 1 11 0 43 0 0 160 185 0 0 0 0 0 0 0 0 0 0 0 0 0 0
0 0 0 0 0 0 1 5 0 33 0 0 0 139 0 0 0 0 0 0 0 0 0 0 0 0 0 0
0 0 0 0 0 0 1 4 0 27 0 0 0 73 0 0 0 0 0 0 0 1 0 11 0 0 0 24
0 0 0 0 0 0 1 5 0 29 0 0 1 73 0 0 0 0 0 0 0 1 0 11 0 0 0 24
0 0 0 0 0 0 1 4 0 28 0 0 0 40 0 0 0 0 0 0 0 0 0 0 0 0 0 0
0 0 0 0 0 0 1 5 0 31 0 0 0 139 0 0 0 0 0 0 0 0 0 0 0 0 0 0
0 0 0 0 0 0 0 5 0 31 0 0 0 124 0 0 0 0 0 0 0 0 0 0 0 0 0 0
0 0 0 0 0 0 1 4 0 26 0 0 0 40 0 0 0 0 0 0 0 0 0 0 0 0 0 0
0 0 0 0 0 0 1 4 0 26 0 0 0 40 0 0 0 0 0 0 0 0 0 0 0 0 0 0
0 0 0 0 0 1 1 9 0 38 0 0 97 161 0 0 0 0 0 0 0 0 0 7 0 0 0 0
0 0 0 0 0 1 1 11 0 44 0 0 160 185 0 0 0 0 0 0 0 0 0 7 0 0 0 0
0 0 0 0 0 1 1 16 0 86 0 0 73 229 0 0 0 0 0 0 0 0 0 0 0 0 0 0
0 0 0 0 0 1 1 14 0 83 0 0 41 200 0 0 0 0 0 0 0 0 0 0 0 0 0 0
0 0 0 0 0 0 0 3 0 25 0 0 0 24 0 0 0 0 0 0 0 0 0 0 0 0 0 0
0 0 0 0 0 0 1 4 0 26 0 0 0 40 0 0 0 0 0 0 0 0 0 0 0 0 0 0
0 0 0 0 0 0 1 5 0 31 0 0 0 139 0 0 0 0 0 0 0 0 0 0 0 0 0 0
0 0 0 0 0 0 1 6 0 32 0 0 0 159 0 0 0 0 0 0 0 0 0 7 0 0 0 0
0 0 0 0 0 0 1 5 0 27 0 0 1 76 0 0 0 0 0 0 0 0 0 7 0 0 0 0
0 0 1 0 0 2 6 80 0 346 0 4 363 1627 0 0 4 0 0 0 9 647 0 5485 0 0 1 1439
0 0 1 0 2 4 6 131 0 481 0 245 771 2023 0 0 4 0 1 5 9 773 0 5535 0 41 708 6577
0 0 0 0 1 2 2 63 0 347 0 61 201 536 0 0 0 0 0 1 3 126 0 844 0 0 52 680
0 0 0 0 0 1 1 11 0 47 0 0 45 185 0 0 0 0 0 0 0 0 0 0 0 0 0 0
0 0 0 0 0 0 0 3 0 25 0 0 0 0 0 0 0 0 0 0 0 0 0 0 0 0 0 0
0 0 0 0 0 0 1 5 0 29 0 0 1 73 0 0 0 0 0 0 0 0 0 7 0 0 0 0
0 0 0 0 0 0 1 5 0 29 0 0 1 73 0 0 0 0 0 0 0 0 0 7 0 0 0 0
0 0 0 0 0 0 1 6 0 34 0 0 0 181 0 0 0 0 0 0 0 1 0 8 0 0 0 0
0 0 0 0 0 0 1 6 0 34 0 0 1 181 0 0 0 0 0 0 0 1 0 8 0 0 0 0
0 0 0 0 0 1 1 18 0 119 0 0 40 200 0 0 0 0 0 0 1 40 0 373 0 0 0 92
0 0 1 1 2 3 5 73 0 186 40 226 486 700 0 0 0 0 0 0 2 43 0 375 0 0 0 326
0 0 1 1 2 3 5 118 0 200 170 348 643 758 0 0 0 0 0 0 0 3 0 41 0 0 0 0
0 0 1 1 2 2 3 95 0 175 154 318 396 703 0 0 0 0 0 0 0 0 0 7 0 0 0 0
0 0 0 1 1 2 3 58 0 147 40 192 320 615 0 0 0 0 0 0 0 0 0 7 0 0 0 0
0 0 0 0 1 1 1 34 0 119 0 73 155 284 0 0 0 0 0 0 0 0 0 0 0 0 0 0
0 0 0 0 1 1 1 17 0 47 0 73 153 182 0 0 0 0 0 0 0 0 0 4 0 0 0 0
0 0 0 0 1 1 1 23 0 76 0 73 153 182 0 0 0 0 0 0 0 0 0 4 0 0 0 0
0 0 0 0 1 1 1 24 0 78 0 73 153 200 0 0 0 0 0 0 0 0 0 0 0 0 0 0
0 0 0 0 1 1 1 18 0 48 0 73 153 197 0 0 0 0 0 0 0 1 0 11 0 0 0 0
0 0 0 0 1 1 2 19 0 47 0 73 153 193 0 0 0 0 0 0 1 2 0 14 0 0 0 61
0 0 0 0 1 1 1 12 0 39 0 40 94 177 0 0 0 0 0 0 1 2 0 15 0 0 0 40
0 0 0 0 0 0 1 10 0 67 0 0 0 154 0 0 0 0 0 0 0 1 0 13 0 0 0 0
0 0 0 0 1 1 1 17 0 74 0 40 160 200 0 0 0 0 0 0 0 0 0 0 0 0 0 0
0 0 0 0 0 1 1 12 0 42 0 4 160 185 0 0 0 0 0 0 0 0 0 0 0 0 0 0
0 0 0 0 0 0 0 3 0 25 0 0 0 24 0 0 0 0 0 0 0 0 0 0 0 0 0 0
0 0 0 0 0 0 1 4 0 26 0 0 0 40 0 0 0 0 0 0 0 0 0 0 0 0 0 0
0 0 0 0 0 1 1 16 0 78 0 4 40 200 0 0 0 0 0 0 0 0 0 7 0 0 0 0
0 0 1 0 1 2 3 50 0 130 0 200 288 576 0 0 0 0 0 0 0 0 0 7 0 0 0 0
0 0 1 1 2 3 3 57 0 123 48 222 288 421 0 0 0 0 0 0 0 0 0 0 0 0 0 0
0 0 0 0 1 2 2 29 0 75 0 137 222 234 0 0 0 0 0 0 0 0 0 0 0 0 0 0
0 0 0 0 1 2 2 18 0 58 0 40 201 226 0 0 0 0 0 0 0 0 0 0 0 0 0 0
0 0 0 0 1 1 2 22 0 60 0 81 198 226 0 0 0 0 0 0 0 0 0 0 0 0 0 0
0 0 0 0 1 1 2 35 0 89 0 161 200 226 0 0 0 0 0 0 0 0 0 0 0 0 0 0
0 0 0 0 1 2 2 41 0 115 0 161 226 316 0 0 0 0 0 0 0 0 0 7 0 0 0 0
0 0 0 0 1 3 3 77 0 276 0 156 230 916 0 0 0 0 0 1 4 90 0 631 0 0 52 369
0 0 0 0 1 2 3 68 0 266 10 153 186 916 0 0 0 0 0 1 4 92 0 631 0 4 80 369
0 0 0 0 1 1 3 55 0 266 0 73 153 480 0 0 0 0 0 1 2 47 0 402 0 0 80 292
0 0 0 0 1 1 3 48 0 266 0 41 155 480 0 0 0 0 0 0 2 44 0 402 0 0 0 292
0 0 0 0 1 1 3 55 0 272 0 40 200 794 0 0 0 0 0 0 1 46 0 449 0 0 1 84
0 0 0 0 1 2 3 58 0 272 0 40 200 794 0 0 0 0 0 1 2 48 0 449 0 0 53 104
0 0 0 0 0 1 1 8 0 34 0 0 40 183 0 0 0 0 0 0 1 2 0 13 0 0 0 61
0 0 0 0 0 0 0 4 0 26 0 0 0 49 0 0 0 0 0 0 0 0 0 0 0 0 0 0
0 0 0 0 1 1 1 13 0 44 0 40 160 185 0 0 0 0 0 0 0 2 0 16 0 0 0 0
0 0 0 0 1 1 1 13 0 44 0 40 160 185 0 0 0 0 0 0 0 2 0 16 0 0 0 0
0 0 0 0 0 0 1 4 0 26 0 0 0 40 0 0 0 0 0 0 0 0 0 0 0 0 0 0
0 0 0 0 0 1 1 14 0 52 0 0 198 200 0 0 0 0 0 0 0 0 0 0 0 0 0 0
0 0 0 0 1 1 2 19 0 57 0 40 198 223 0 0 0 0 0 0 0 0 0 7 0 0 0 0
0 0 0 0 0 1 1 10 0 41 0 0 72 200 0 0 0 0 0 0 0 0 0 7 0 0 0 0
0 0 0 0 0 1 1 6 0 32 0 0 40 151 0 0 0 0 0 0 0 0 0 0 0 0 0 0
0 0 0 0 0 1 1 6 0 27 0 0 40 44 0 0 0 0 0 0 0 0 0 0 0 0 0 0
0 0 0 0 0 1 1 34 0 268 0 0 48 200 0 0 0 0 0 0 1 44 0 403 0 0 0 247
0 0 0 0 1 1 1 40 0 270 0 40 198 200 0 0 0 0 0 0 1 44 0 403 0 0 0 247
0 0 0 0 1 1 1 17 0 50 0 40 198 199 0 0 0 0 0 0 0 0 0 0 0 0 0 0
0 0 0 0 1 1 1 24 0 89 0 72 161 200 0 0 0 0 0 0 0 0 0 7 0 0 0 0
0 0 0 0 1 1 2 48 0 277 0 54 200 308 0 0 0 0 0 1 1 44 0 397 0 0 53 184
0 0 0 0 1 1 2 36 0 266 0 40 53 223 0 0 0 0 0 1 2 47 0 399 0 0 53 277
0 0 0 0 1 1 2 9 0 35 0 40 41 154 0 0 0 0 0 0 0 7 0 59 0 0 0 0
0 0 0 0 0 1 1 8 0 38 0 0 41 200 0 0 0 0 0 0 0 6 0 48 0 0 0 0
0 0 0 0 1 1 1 8 0 33 0 40 40 154 0 0 0 0 0 0 2 9 0 50 0 0 0 213
0 0 0 0 1 1 1 10 0 32 0 40 72 125 0 0 0 0 0 0 1 6 0 40 0 0 0 93
0 0 0 0 1 1 1 9 0 33 0 40 71 130 0 0 0 0 0 0 0 1 0 10 0 0 0 24
0 0 0 0 0 1 1 6 0 28 0 0 40 85 0 0 0 0 0 0 0 1 0 10 0 0 0 24
0 0 0 0 0 1 1 7 0 34 0 0 40 151 0 0 0 0 0 0 0 0 0 0 0 0 0 0
0 0 0 0 1 1 1 13 0 44 0 40 160 185 0 0 0 0 0 0 0 0 0 0 0 0 0 0
0 0 0 0 0 1 1 8 0 34 0 0 41 160 0 0 0 0 0 0 0 0 0 0 0 0 0 0
0 0 0 0 0 1 1 9 0 41 0 0 40 198 0 0 0 0 0 0 0 0 0 0 0 0 0 0
0 0 0 0 0 1 1 12 0 45 0 4 77 199 0 0 0 0 0 0 0 0 0 0 0 0 0 0
0 0 0 0 0 1 1 7 0 29 0 0 49 85 0 0 0 0 0 0 0 0 0 7 0 0 0 0
0 0 0 0 0 1 1 6 0 28 0 0 40 85 0 0 0 0 0 0 0 0 0 7 0 0 0 0
0 0 0 0 0 1 1 5 0 27 0 0 40 48 0 0 0 0 0 0 0 0 0 0 0 0 0 0
0 0 0 0 0 0 1 4 0 26 0 0 0 48 0 0 0 0 0 0 0 0 0 0 0 0 0 0
0 0 0 0 0 1 1 11 0 43 0 0 85 198 0 0 0 0 0 0 0 0 0 0 0 0 0 0
0 0 0 0 1 1 1 14 0 47 0 40 198 199 0 0 0 0 0 0 0 0 0 0 0 0 0 0
0 0 0 0 1 1 1 21 0 88 0 40 161 200 0 0 0 0 0 0 0 0 0 0 0 0 0 0
0 0 0 0 0 1 1 19 0 87 0 4 160 200 0 0 0 0 0 0 0 0 0 7 0 0 0 0
0 0 0 0 0 1 1 5 0 28 0 0 40 88 0 0 0 0 0 0 0 0 0 7 0 0 0 0
0 0 0 0 0 1 1 7 0 31 0 0 49 125 0 0 0 0 0 0 0 0 0 0 0 0 0 0
0 0 0 0 0 1 1 8 0 35 0 0 72 182 0 0 0 0 0 0 0 0 0 0 0 0 0 0
0 0 0 0 0 1 1 6 0 32 0 0 40 151 0 0 0 0 0 0 0 0 0 0 0 0 0 0
0 0 0 0 0 1 1 7 0 32 0 0 40 147 0 0 0 0 0 0 0 0 0 0 0 0 0 0
0 0 0 0 0 1 1 7 0 32 0 0 40 147 0 0 0 0 0 0 0 0 0 0 0 0 0 0
0 0 0 0 0 0 1 5 0 27 0 0 1 73 0 0 0 0 0 0 0 0 0 7 0 0 0 0
0 0 0 0 0 1 1 8 0 34 0 0 40 166 0 0 0 0 0 0 0 0 0 7 0 0 0 0
0 0 0 0 1 1 1 13 0 43 0 40 160 185 0 0 0 0 0 0 0 0 0 0 0 0 0 0
0 0 0 0 0 1 1 9 0 38 0 0 45 161 0 0 0 0 0 0 0 0 0 0 0 0 0 0
0 0 0 0 0 1 1 11 0 43 0 0 85 198 0 0 0 0 0 0 0 0 0 0 0 0 0 0
0 0 0 0 1 1 1 12 0 44 0 40 85 198 0 0 0 0 0 0 0 0 0 0 0 0 0 0
0 0 0 0 0 1 1 6 0 32 0 0 40 151 0 0 0 0 0 0 0 0 0 0 0 0 0 0
0 0 0 0 0 1 1 7 0 33 0 0 40 159 0 0 0 0 0 0 0 0 0 7 0 0 0 0
0 0 0 0 0 1 1 7 0 28 0 4 40 73 0 0 0 0 0 0 0 0 0 7 0 0 0 0
0 0 0 0 0 1 1 5 0 26 0 0 40 40 0 0 0 0 0 0 0 0 0 0 0 0 0 0
0 0 0 0 0 1 1 10 0 43 0 0 47 198 0 0 0 0 0 0 0 0 0 0 0 0 0 0
0 0 0 0 1 1 1 14 0 47 0 40 198 199 0 0 0 0 0 0 0 0 0 0 0 0 0 0
0 0 0 0 1 1 2 24 0 96 0 40 161 258 0 0 0 0 0 0 0 0 0 0 0 0 0 0
0 0 0 0 0 1 2 21 0 95 0 0 160 258 0 0 0 0 0 0 0 0 0 7 0 0 0 0
0 0 0 0 0 1 1 5 0 27 0 0 40 73 0 0 0 0 0 0 0 0 0 7 0 0 0 0
0 0 0 0 1 1 1 8 0 30 0 40 40 122 0 0 0 0 0 0 0 0 0 0 0 0 0 0
0 0 0 0 0 1 1 9 0 35 0 0 41 182 0 0 0 0 0 0 0 0 0 0 0 0 0 0
0 0 0 0 0 1 1 6 0 32 0 0 40 151 0 0 0 0 0 0 0 0 0 0 0 0 0 0
0 0 0 0 1 1 1 8 0 30 0 40 40 122 0 0 0 0 0 0 0 0 0 0 0 0 0 0
0 0 0 0 0 1 1 7 0 30 0 0 40 122 0 0 0 0 0 0 0 0 0 0 0 0 0 0
0 0 0 0 0 0 1 5 0 28 0 0 0 98 0 0 0 0 0 0 0 0 0 7 0 0 0 0
0 0 0 0 1 1 1 9 0 34 0 40 40 174 0 0 0 0 0 0 0 0 0 7 0 0 0 0
0 0 0 0 1 1 1 12 0 48 0 40 76 185 0 0 0 0 0 0 0 0 0 0 0 0 0 0
0 0 0 0 0 0 1 8 0 44 0 0 0 161 0 0 0 0 0 0 0 0 0 0 0 0 0 0
0 0 0 0 0 1 1 11 0 43 0 0 85 198 0 0 0 0 0 0 0 0 0 0 0 0 0 0
0 0 0 0 1 1 1 12 0 44 0 40 85 198 0 0 0 0 0 0 0 0 0 0 0 0 0 0
0 0 0 0 0 1 1 6 0 32 0 0 40 154 0 0 0 0 0 0 0 0 0 0 0 0 0 0
0 0 0 0 0 1 1 7 0 33 0 0 40 159 0 0 0 0 0 0 0 0 0 7 0 0 0 0
0 0 4 0 1 1 3 57 0 380 0 40 42 291 0 0 4 0 0 0 1 59 0 389 0 0 0 862
0 0 4 0 0 1 3 56 0 380 0 0 41 291 0 0 4 0 0 0 1 58 0 389 0 0 0 834
0 0 0 0 0 1 1 9 0 40 0 0 71 198 0 0 0 0 0 0 0 0 0 0 0 0 0 0
0 0 0 0 1 1 1 12 0 44 0 40 77 198 0 0 0 0 0 0 0 0 0 0 0 0 0 0
0 0 0 0 1 1 1 19 0 98 0 40 73 200 0 0 0 0 0 0 0 0 0 0 0 0 0 0
0 0 1 0 1 3 5 90 0 429 0 73 322 1036 0 0 0 0 0 1 3 79 0 524 0 0 57 459
0 0 1 0 1 1 5 80 0 421 0 40 203 1012 0 0 0 0 0 1 3 79 0 524 0 0 78 459
0 0 0 0 1 1 1 9 0 31 0 40 40 130 0 0 0 0 0 0 0 0 0 7 0 0 0 0
0 0 0 0 0 1 1 9 0 36 0 0 71 182 0 0 0 0 0 0 0 0 0 0 0 0 0 0
0 0 0 0 0 1 1 7 0 33 0 0 41 151 0 0 0 0 0 0 0 0 0 0 0 0 0 0
0 0 0 0 0 1 1 8 0 32 0 4 40 147 0 0 0 0 0 0 0 0 0 0 0 0 0 0
0 0 0 0 0 1 1 7 0 32 0 0 40 147 0 0 0 0 0 0 0 0 0 0 0 0 0 0
0 0 0 0 0 0 0 3 0 25 0 0 0 29 0 0 0 0 0 0 0 0 0 0 0 0 0 0
0 0 0 0 0 1 1 8 0 33 0 4 40 159 0 0 0 0 0 0 0 0 0 7 0 0 0 0
0 0 0 0 0 1 1 8 0 33 0 4 40 159 0 0 0 0 0 0 0 0 0 7 0 0 0 0
0 0 0 0 0 1 1 9 0 38 0 0 53 161 0 0 0 0 0 0 0 0 0 0 0 0 0 0
0 0 0 0 1 1 1 16 0 51 0 40 162 198 0 0 0 0 0 0 0 0 0 0 0 0 0 0
0 0 0 0 1 1 1 13 0 44 0 40 85 198 0 0 0 0 0 0 0 2 0 31 0 0 0 0
0 0 0 0 0 1 1 7 0 33 0 0 40 154 0 0 0 0 0 0 0 2 0 31 0 0 0 0
0 0 0 0 0 1 1 7 0 32 0 0 40 151 0 0 0 0 0 0 0 0 0 0 0 0 0 0
0 0 0 0 0 1 1 6 0 28 0 0 40 76 0 0 0 0 0 0 0 0 0 7 0 0 0 0
0 0 0 0 0 1 1 6 0 28 0 0 40 88 0 0 0 0 0 0 1 3 0 18 0 0 0 61
0 0 0 0 0 1 1 11 0 43 0 0 85 198 0 0 0 0 0 0 1 3 0 19 0 0 0 83
0 0 0 0 1 1 1 15 0 47 0 40 198 199 0 0 0 0 0 0 0 1 0 10 0 0 0 0
0 0 0 0 1 1 1 11 0 43 0 40 41 200 0 0 0 0 0 0 0 0 0 0 0 0 0 0
0 0 0 0 0 1 1 19 0 87 0 0 160 200 0 0 0 0 0 0 0 0 0 0 0 0 0 0
0 0 0 0 1 1 1 18 0 83 0 40 160 185 0 0 0 0 0 0 0 0 0 0 0 0 0 0
0 0 0 0 1 1 1 9 0 31 0 40 40 130 0 0 0 0 0 0 0 0 0 7 0 0 0 0
0 0 0 0 0 1 1 10 0 36 0 4 72 182 0 0 0 0 0 0 0 0 0 7 0 0 0 0
0 0 0 0 0 0 1 6 0 32 0 0 1 151 0 0 0 0 0 0 0 0 0 0 0 0 0 0
0 0 0 0 0 1 1 7 0 30 0 4 40 122 0 0 0 0 0 0 0 0 0 0 0 0 0 0
0 0 0 0 0 1 1 7 0 30 0 0 40 122 0 0 0 0 0 0 0 0 0 0 0 0 0 0
0 0 0 0 0 0 0 3 0 25 0 0 0 24 0 0 0 0 0 0 0 0 0 0 0 0 0 0
0 0 0 0 0 1 1 7 0 33 0 0 40 166 0 0 0 0 0 0 0 0 0 0 0 0 0 0
0 0 0 0 1 1 1 9 0 34 0 40 40 166 0 0 0 0 0 0 0 0 0 7 0 0 0 0
0 0 0 0 0 1 1 9 0 36 0 0 42 161 0 0 0 0 0 0 0 0 0 7 0 0 0 0
0 0 0 0 1 1 1 15 0 49 0 40 162 198 0 0 0 0 0 0 0 0 0 0 0 0 0 0
0 0 0 0 1 1 1 12 0 44 0 40 93 198 0 0 0 0 0 0 0 0 0 0 0 0 0 0
0 0 0 0 0 1 1 6 0 32 0 0 40 151 0 0 0 0 0 0 0 0 0 0 0 0 0 0
0 0 0 0 0 0 1 6 0 32 0 0 1 151 0 0 0 0 0 0 0 0 0 0 0 0 0 0
0 0 0 0 0 1 1 6 0 28 0 0 40 76 0 0 0 0 0 0 0 1 0 10 0 0 0 24
0 0 1 0 1 1 4 52 0 327 0 40 50 690 0 0 3 0 0 1 4 497 0 5151 0 0 40 604
0 0 1 0 1 3 6 105 0 467 0 198 382 1060 0 0 4 0 1 3 9 739 0 5404 0 52 678 5754
0 0 1 0 1 2 4 163 0 1128 0 119 201 828 0 0 1 0 1 2 4 251 0 1703 0 52 263 2953
0 0 1 0 1 1 1 108 0 1081 0 40 40 200 0 0 0 0 0 0 1 7 0 43 0 0 0 170
0 0 0 0 1 1 1 20 0 87 0 40 160 200 0 0 0 0 0 0 0 0 0 0 0 0 0 0
0 0 0 0 1 1 1 21 0 88 0 40 160 224 0 0 0 0 0 0 0 0 0 0 0 0 0 0
0 0 0 0 1 1 1 9 0 34 0 40 40 130 0 0 0 0 0 0 0 0 0 7 0 0 0 0
0 0 0 0 0 1 1 9 0 36 0 4 72 182 0 0 0 0 0 0 0 0 0 7 0 0 0 0
0 0 0 0 0 0 1 6 0 32 0 0 1 151 0 0 0 0 0 0 0 0 0 4 0 0 0 0
0 0 0 0 0 1 1 6 0 27 0 4 40 60 0 0 0 0 0 0 0 0 0 4 0 0 0 0
0 0 0 0 0 1 1 6 0 27 0 0 40 60 0 0 0 0 0 0 0 0 0 0 0 0 0 0
0 0 0 0 0 1 1 5 0 27 0 0 40 71 0 0 0 0 0 0 0 0 0 0 0 0 0 0
0 0 0 0 0 1 1 8 0 35 0 0 41 151 0 0 0 0 0 0 0 0 0 0 0 0 0 0
0 0 0 0 0 1 1 8 0 35 0 0 40 159 0 0 0 0 0 0 0 0 0 7 0 0 0 0
0 0 0 0 0 1 1 10 0 39 0 0 97 161 0 0 0 0 0 0 0 0 0 7 0 0 0 0
0 0 0 0 1 1 1 16 0 51 0 40 162 198 0 0 0 0 0 0 0 0 0 0 0 0 0 0
0 0 0 0 1 1 1 13 0 43 0 40 55 198 0 0 0 0 0 0 0 0 0 4 0 0 0 0
0 0 0 0 0 1 1 29 0 248 0 0 49 151 0 0 0 0 0 0 0 0 0 4 0 0 0 0
0 0 0 0 0 1 1 28 0 248 0 0 41 151 0 0 0 0 0 0 0 0 0 0 0 0 0 0
0 0 0 0 0 1 1 7 0 30 0 0 40 114 0 0 0 0 0 0 0 1 0 10 0 0 0 0
0 0 0 0 1 1 1 8 0 31 0 40 40 134 0 0 0 0 0 0 1 2 0 12 0 0 0 40
0 0 0 0 0 1 1 12 0 44 0 0 99 198 0 0 0 0 0 0 0 2 0 15 0 0 0 24
0 0 0 0 1 1 1 15 0 49 0 40 198 199 0 0 0 0 0 0 0 1 0 13 0 0 0 0
0 0 0 0 0 1 1 7 0 34 0 0 40 151 0 0 0 0 0 0 0 0 0 0 0 0 0 0
0 0 0 0 0 0 1 14 0 83 0 0 3 200 0 0 0 0 0 0 0 0 0 0 0 0 0 0
0 0 0 0 1 1 1 20 0 87 0 40 160 200 0 0 0 0 0 0 0 0 0 0 0 0 0 0
0 0 0 0 1 1 1 12 0 39 0 40 83 161 0 0 0 0 0 0 0 0 0 0 0 0 0 0
0 0 0 0 0 1 1 9 0 36 0 0 73 182 0 0 0 0 0 0 0 0 0 7 0 0 0 0
0 0 0 0 0 1 1 8 0 33 0 0 40 159 0 0 0 0 0 0 0 0 0 7 0 0 0 0
0 0 0 0 0 1 1 7 0 30 0 4 40 122 0 0 0 0 0 0 0 0 0 0 0 0 0 0
0 0 0 0 0 1 1 6 0 30 0 0 40 122 0 0 0 0 0 0 0 0 0 0 0 0 0 0
0 0 0 0 0 0 1 4 0 26 0 0 0 48 0 0 0 0 0 0 0 0 0 0 0 0 0 0
0 0 0 0 0 1 1 7 0 32 0 0 40 151 0 0 0 0 0 0 0 0 0 0 0 0 0 0
0 0 0 0 0 1 1 7 0 32 0 0 40 151 0 0 0 0 0 0 0 0 0 0 0 0 0 0
0 0 0 0 0 1 1 5 0 27 0 0 40 73 0 0 0 0 0 0 0 0 0 7 0 0 0 0
0 0 0 0 1 1 1 17 0 57 0 40 162 199 0 0 0 0 0 0 0 0 0 7 0 0 0 0
0 0 0 0 1 1 1 17 0 57 0 40 162 199 0 0 0 0 0 0 0 0 0 0 0 0 0 0
0 0 0 0 0 1 1 6 0 32 0 0 40 151 0 0 0 0 0 0 0 0 0 0 0 0 0 0
0 0 0 0 0 1 1 6 0 32 0 0 40 151 0 0 0 0 0 0 0 0 0 0 0 0 0 0
0 0 0 0 0 1 1 6 0 29 0 0 40 40 0 0 0 0 0 0 0 0 0 0 0 0 0 0
0 0 0 0 0 1 1 5 0 29 0 0 40 40 0 0 0 0 0 0 0 0 0 0 0 0 0 0
0 0 0 0 0 1 1 11 0 44 0 0 99 198 0 0 0 0 0 0 0 0 0 7 0 0 0 0
0 0 0 0 1 1 1 15 0 48 0 40 198 199 0 0 0 0 0 0 0 0 0 7 0 0 0 0
0 0 0 0 0 1 1 7 0 33 0 0 40 154 0 0 0 0 0 0 0 0 0 0 0 0 0 0
0 0 0 0 0 1 1 14 0 84 0 0 41 200 0 0 0 0 0 0 0 0 0 0 0 0 0 0
0 0 0 0 0 1 1 20 0 90 0 4 160 273 0 0 0 0 0 0 0 0 0 0 0 0 0 0
0 0 0 0 0 1 1 12 0 47 0 4 76 160 0 0 0 0 0 0 0 0 0 0 0 0 0 0
0 0 0 0 0 1 1 8 0 35 0 0 41 182 0 0 0 0 0 0 0 0 0 0 0 0 0 0
0 0 0 0 0 1 1 7 0 33 0 0 40 159 0 0 0 0 0 0 0 0 0 7 0 0 0 0
0 0 0 0 1 1 1 19 0 83 0 40 74 200 0 0 0 0 0 0 1 8 0 60 0 0 0 61
0 0 1 0 1 2 4 98 0 691 0 48 200 714 0 0 2 0 0 1 4 444 0 2982 0 0 57 4312
0 0 1 0 0 1 4 102 0 701 0 4 200 1103 0 0 3 0 0 3 10 508 0 3059 0 0 178 7459
0 0 1 0 0 1 1 25 0 150 0 0 41 224 0 0 1 0 0 0 1 72 0 726 0 0 0 203
0 0 0 0 0 1 1 8 0 34 0 0 40 151 0 0 0 0 0 0 0 0 0 0 0 0 0 0
0 0 0 0 0 1 1 6 0 27 0 0 40 73 0 0 0 0 0 0 0 0 0 7 0 0 0 0
0 0 0 0 1 1 1 18 0 57 0 40 162 199 0 0 0 0 0 0 0 0 0 7 0 0 0 0
0 0 0 0 1 1 1 18 0 57 0 40 162 199 0 0 0 0 0 0 0 0 0 0 0 0 0 0
0 0 0 0 0 1 1 6 0 32 0 0 40 151 0 0 0 0 0 0 0 0 0 0 0 0 0 0
0 0 0 0 0 0 1 6 0 34 0 0 1 151 0 0 0 0 0 0 0 0 0 0 0 0 0 0
0 0 0 0 0 1 1 5 0 29 0 0 40 44 0 0 0 0 0 0 0 0 0 0 0 0 0 0
0 0 0 0 0 1 1 5 0 26 0 0 40 44 0 0 0 0 0 0 0 0 0 0 0 0 0 0
0 0 0 0 0 1 1 11 0 44 0 0 99 198 0 0 0 0 0 0 0 0 0 7 0 0 0 0
0 0 0 0 1 1 1 15 0 48 0 40 198 199 0 0 0 0 0 0 0 0 0 7 0 0 0 0
0 0 0 0 0 1 1 8 0 33 0 4 40 166 0 0 0 0 0 0 0 0 0 0 0 0 0 0
0 0 0 0 0 1 1 15 0 84 0 0 41 200 0 0 0 0 0 0 0 0 0 0 0 0 0 0
0 0 0 0 1 1 1 21 0 88 0 40 160 224 0 0 0 0 0 0 0 0 0 0 0 0 0 0
0 0 0 0 1 1 1 13 0 42 0 40 153 161 0 0 0 0 0 0 0 0 0 0 0 0 0 0
0 0 0 0 0 1 1 8 0 35 0 0 71 182 0 0 0 0 0 0 0 0 0 0 0 0 0 0
0 0 0 0 0 1 1 8 0 34 0 0 71 159 0 0 0 0 0 0 0 0 0 7 0 0 0 0
0 0 0 0 1 1 1 10 0 34 0 40 41 155 0 0 0 0 0 0 0 1 0 8 0 0 0 24
0 0 0 0 1 1 1 8 0 32 0 40 40 147 0 0 0 0 0 0 0 0 0 3 0 0 0 0
0 0 0 0 0 0 1 4 0 26 0 0 0 40 0 0 0 0 0 0 0 0 0 0 0 0 0 0
0 0 1 0 1 1 1 36 0 255 0 40 41 200 0 0 1 0 0 0 0 5 0 55 0 0 0 24
0 0 1 0 0 1 1 35 0 255 0 0 41 200 0 0 1 0 0 0 0 5 0 55 0 0 0 24
0 0 0 0 0 0 0 3 0 25 0 0 0 24 0 0 0 0 0 0 0 0 0 0 0 0 0 0
0 0 0 0 1 1 1 14 0 46 0 40 160 198 0 0 0 0 0 0 0 0 0 7 0 0 0 0
0 0 1 0 1 1 2 69 0 366 0 160 198 670 0 0 1 0 0 1 2 97 0 690 0 0 40 619
0 0 1 0 1 2 3 124 0 627 0 165 450 992 0 0 1 0 1 2 4 171 0 905 0 56 540 2569
0 0 0 0 1 1 2 70 0 517 0 41 200 408 0 0 0 0 0 1 2 75 0 597 0 0 170 519
0 0 0 0 0 1 1 6 0 27 0 0 40 44 0 0 0 0 0 0 0 0 0 0 0 0 0 0
0 0 0 0 0 1 1 5 0 26 0 0 40 44 0 0 0 0 0 0 0 0 0 0 0 0 0 0
0 0 0 0 0 0 1 9 0 43 0 0 9 198 0 0 0 0 0 0 0 0 0 0 0 0 0 0
0 0 0 0 1 1 1 14 0 45 0 40 99 198 0 0 0 0 0 0 0 0 0 7 0 0 0 0
0 0 0 0 1 1 1 9 0 34 0 40 49 159 0 0 0 0 0 0 0 0 0 7 0 0 0 0
0 0 0 0 0 1 1 16 0 87 0 0 41 245 0 0 0 0 0 0 0 0 0 0 0 0 0 0
0 0 0 0 0 1 1 15 0 85 0 0 40 245 0 0 0 0 0 0 0 0 0 0 0 0 0 0
0 0 3 0 1 1 2 41 0 207 0 40 161 223 0 0 3 0 0 0 1 27 0 204 0 0 0 147
0 0 3 0 1 1 3 80 0 479 0 73 162 788 0 0 3 0 0 0 3 33 0 212 0 0 0 495
0 0 0 0 0 1 1 46 0 436 0 0 41 200 0 0 0 0 0 0 0 5 0 59 0 0 0 0
0 0 0 0 1 1 1 9 0 34 0 40 40 159 0 0 0 0 0 0 0 0 0 7 0 0 0 0
0 0 0 0 1 1 1 8 0 31 0 40 40 130 0 0 0 0 0 0 0 0 0 7 0 0 0 0
0 0 0 0 0 0 1 5 0 29 0 0 0 110 0 0 0 0 0 0 0 0 0 0 0 0 0 0
0 0 0 0 0 1 1 6 0 27 0 0 40 62 0 0 0 0 0 0 0 0 0 0 0 0 0 0
0 0 0 0 0 1 1 7 0 32 0 0 40 151 0 0 0 0 0 0 0 0 0 0 0 0 0 0
0 0 0 0 0 0 1 5 0 31 0 0 0 139 0 0 0 0 0 0 0 0 0 0 0 0 0 0
0 0 0 0 0 1 1 11 0 46 0 0 47 200 0 0 0 0 0 0 0 0 0 3 0 0 0 0
0 0 0 0 1 1 2 20 0 59 0 40 198 223 0 0 0 0 0 0 0 1 0 8 0 0 0 24
0 0 0 0 1 1 2 34 0 196 0 40 97 300 0 0 0 0 0 0 0 0 0 7 0 0 0 0
0 0 0 0 0 1 1 29 0 193 0 0 40 200 0 0 0 0 0 0 0 0 0 0 0 0 0 0
0 0 0 0 0 1 1 14 0 74 0 0 40 200 0 0 0 0 0 0 0 6 0 66 0 0 0 0
0 0 0 0 0 1 1 11 0 72 0 0 40 154 0 0 0 0 0 0 0 6 0 66 0 0 0 0
0 0 0 0 0 1 1 10 0 43 0 0 47 198 0 0 0 0 0 0 0 0 0 0 0 0 0 0
0 0 0 0 1 1 1 12 0 44 0 40 78 198 0 0 0 0 0 0 0 0 0 0 0 0 0 0
0 0 0 0 1 1 1 9 0 33 0 40 40 159 0 0 0 0 0 0 0 0 0 7 0 0 0 0
0 0 0 0 0 1 1 17 0 85 0 0 74 200 0 0 0 0 0 0 0 0 0 7 0 0 0 0
0 0 0 0 0 1 1 15 0 84 0 0 41 200 0 0 0 0 0 0 0 0 0 0 0 0 0 0
0 0 0 0 1 1 1 13 0 42 0 40 153 185 0 0 0 0 0 0 0 0 0 0 0 0 0 0
0 0 0 0 1 1 1 12 0 42 0 40 153 185 0 0 0 0 0 0 0 0 0 0 0 0 0 0
0 0 0 0 0 0 1 6 0 32 0 0 1 151 0 0 0 0 0 0 0 0 0 0 0 0 0 0
0 0 0 0 1 1 1 9 0 33 0 40 40 159 0 0 0 0 0 0 0 0 0 7 0 0 0 0
0 0 0 0 0 1 1 8 0 31 0 4 40 130 0 0 0 0 0 0 0 0 0 7 0 0 0 0
0 0 0 0 0 0 1 5 0 29 0 0 1 121 0 0 0 0 0 0 0 0 0 0 0 0 0 0
0 0 0 0 0 1 1 7 0 28 0 0 40 71 0 0 0 0 0 0 0 0 0 0 0 0 0 0
0 0 0 0 0 1 1 8 0 33 0 4 40 151 0 0 0 0 0 0 0 0 0 0 0 0 0 0
0 0 0 0 0 1 1 38 0 298 0 4 40 223 0 0 0 0 0 0 1 42 0 397 0 0 1 184
0 0 0 0 1 1 2 44 0 300 0 40 198 337 0 0 0 0 0 1 1 43 0 397 0 0 40 184
0 0 0 0 1 1 1 19 0 57 0 40 161 198 0 0 0 0 0 0 0 1 0 10 0 0 0 24
0 0 0 0 1 1 1 11 0 39 0 40 97 161 0 0 0 0 0 0 0 0 0 7 0 0 0 0
0 0 0 0 0 1 1 8 0 33 0 0 41 151 0 0 0 0 0 0 0 0 0 0 0 0 0 0
0 0 0 0 1 1 1 9 0 33 0 40 40 150 0 0 0 0 0 0 0 0 0 0 0 0 0 0
0 0 0 0 0 1 1 5 0 26 0 0 40 40 0 0 0 0 0 0 0 0 0 0 0 0 0 0
0 0 0 0 0 1 1 10 0 43 0 0 47 198 0 0 0 0 0 0 0 0 0 0 0 0 0 0
0 0 0 0 1 1 1 20 0 82 0 40 198 199 0 0 0 0 0 0 0 0 0 0 0 0 0 0
0 0 0 0 1 2 2 72 0 224 0 167 417 1108 0 0 0 0 0 0 0 0 0 7 0 0 0 0
0 0 0 0 1 2 2 85 0 237 10 200 684 1108 0 0 0 0 0 0 0 0 0 7 0 0 0 0
0 0 0 0 1 1 1 57 0 179 0 82 684 684 0 0 0 0 0 0 0 0 0 0 0 0 0 0
0 0 0 0 1 1 1 42 0 147 0 40 201 684 0 0 0 0 0 0 0 0 0 0 0 0 0 0
0 0 0 0 1 1 1 11 0 41 0 40 76 184 0 0 0 0 0 0 0 0 0 0 0 0 0 0
0 0 0 0 0 1 1 6 0 32 0 0 40 151 0 0 0 0 0 0 0 0 0 7 0 0 0 0
0 0 0 0 1 1 1 11 0 38 0 40 49 200 0 0 0 0 0 0 0 1 0 11 0 0 0 0
0 0 0 0 1 1 1 9 0 34 0 40 49 159 0 0 0 0 0 0 0 1 0 10 0 0 0 24
0 0 0 0 0 1 1 5 0 28 0 0 40 91 0 0 0 0 0 0 0 0 0 7 0 0 0 0
0 0 0 0 0 1 1 8 0 30 0 4 41 88 0 0 0 0 0 0 0 0 0 0 0 0 0 0
0 0 0 0 1 1 1 9 0 35 0 40 78 157 0 0 0 0 0 0 0 0 0 0 0 0 0 0
0 0 0 0 0 0 1 6 0 32 0 0 1 153 0 0 0 0 0 0 0 0 0 0 0 0 0 0
0 0 0 0 0 1 1 11 0 50 0 0 40 198 0 0 0 0 0 0 0 0 0 0 0 0 0 0
0 0 0 0 1 1 1 15 0 53 0 40 91 198 0 0 0 0 0 0 0 0 0 0 0 0 0 0
0 0 0 0 1 1 1 11 0 38 0 40 88 160 0 0 0 0 0 0 0 0 0 7 0 0 0 0
0 0 0 0 0 1 1 10 0 39 0 0 80 185 0 0 0 0 0 0 0 0 0 7 0 0 0 0
0 0 0 0 1 1 1 9 0 33 0 40 40 154 0 0 0 0 0 0 0 0 0 0 0 0 0 0
0 0 0 0 0 1 1 6 0 27 0 0 40 40 0 0 0 0 0 0 0 0 0 0 0 0 0 0
0 0 0 0 0 1 1 8 0 36 0 0 40 198 0 0 0 0 0 0 0 0 0 0 0 0 0 0
0 0 0 0 0 1 1 9 0 37 0 0 41 198 0 0 0 0 0 0 0 0 0 0 0 0 0 0
0 0 1 0 1 1 1 93 0 864 0 57 72 200 0 0 2 0 0 1 1 162 0 1598 0 5 52 438
0 0 1 0 1 1 1 92 0 864 0 57 80 200 0 0 2 0 1 1 1 163 0 1597 0 52 52 447
0 0 0 0 1 1 1 17 0 82 0 40 73 200 0 0 0 0 0 0 0 0 0 7 0 0 0 0
0 0 0 0 1 1 1 19 0 82 0 40 73 200 0 0 0 0 0 0 0 0 0 0 0 0 0 0
0 0 0 0 1 1 1 12 0 39 0 40 83 161 0 0 0 0 0 0 0 0 0 0 0 0 0 0
0 0 0 0 0 1 1 12 0 42 0 4 160 185 0 0 0 0 0 0 0 0 0 0 0 0 0 0
0 0 0 0 1 1 1 10 0 37 0 40 49 197 0 0 0 0 0 0 0 0 0 0 0 0 0 0
0 0 1 0 1 3 8 94 0 440 0 50 215 1733 0 0 4 0 0 1 11 720 0 5776 0 0 98 3678
0 0 2 0 2 4 9 144 0 554 0 128 707 2199 0 0 4 0 1 5 11 846 0 5823 0 76 1773 6597
0 0 1 0 1 2 5 183 0 962 10 88 304 2672 0 0 1 0 1 2 4 172 0 929 0 76 268 2953
0 0 1 0 1 1 2 132 0 904 0 40 200 271 0 0 0 0 0 1 2 46 0 397 0 0 55 255
0 0 0 0 0 0 1 5 0 31 0 0 0 139 0 0 0 0 0 0 0 0 0 0 0 0 0 0
0 0 0 0 1 1 1 12 0 43 0 40 47 198 0 0 0 0 0 0 0 0 0 0 0 0 0 0
0 0 0 0 1 1 1 14 0 44 0 40 55 198 0 0 0 0 0 0 0 0 0 0 0 0 0 0
0 0 0 0 1 1 1 11 0 39 0 40 76 161 0 0 0 0 0 0 0 0 0 4 0 0 0 0
0 0 0 0 1 1 1 15 0 44 0 41 160 185 0 0 0 0 0 0 1 2 0 11 0 0 0 52
0 0 0 0 1 1 1 10 0 35 0 40 42 169 0 0 0 0 0 0 1 1 0 10 0 0 0 47
0 0 0 0 0 0 1 8 0 53 0 0 1 139 0 0 0 0 0 0 0 0 0 0 0 0 0 0
0 0 0 0 0 1 1 15 0 63 0 0 198 199 0 0 0 0 0 0 0 0 0 0 0 0 0 0
0 0 0 0 1 1 1 13 0 44 0 40 85 198 0 0 0 0 0 0 0 0 0 0 0 0 0 0
0 0 0 0 1 1 1 9 0 34 0 40 49 154 0 0 0 0 0 0 0 0 0 9 0 0 0 0
0 0 0 0 0 1 1 7 0 33 0 0 40 159 0 0 0 0 0 0 1 2 0 14 0 0 0 61
0 0 0 0 1 1 1 19 0 86 0 40 73 200 0 0 0 0 0 1 1 3 0 13 0 0 40 52
0 0 0 0 1 1 1 20 0 86 0 40 73 200 0 0 0 0 0 0 1 1 0 8 0 0 0 47
0 0 0 0 1 1 1 14 0 42 0 43 153 161 0 0 0 0 0 0 0 0 0 7 0 0 0 0
0 0 0 0 1 1 1 17 0 45 0 72 160 185 0 0 0 0 0 0 0 1 0 12 0 0 0 24
0 0 0 0 1 1 1 13 0 38 0 40 80 182 0 0 0 0 0 0 0 1 0 10 0 0 0 0
0 0 0 0 1 1 1 9 0 32 0 40 73 125 0 0 0 0 0 0 0 2 0 18 0 0 0 0
0 0 0 0 0 1 2 18 0 101 0 0 80 200 0 0 0 0 0 1 2 42 0 359 0 0 76 178
0 0 0 0 1 1 2 22 0 102 0 40 80 200 0 0 0 0 0 0 2 39 0 359 0 0 1 168
0 0 0 0 1 1 1 28 0 110 0 40 123 500 0 0 0 0 0 0 0 0 0 4 0 0 0 0
0 0 0 0 0 1 1 40 0 151 0 4 224 684 0 0 0 0 0 0 0 0 0 4 0 0 0 0
0 0 0 0 1 1 1 32 0 127 0 40 198 684 0 0 0 0 0 0 0 0 0 0 0 0 0 0
0 0 0 0 1 1 1 17 0 73 0 40 55 199 0 0 0 0 0 0 0 0 0 0 0 0 0 0
0 0 0 0 0 1 1 11 0 39 0 4 76 161 0 0 0 0 0 0 0 0 0 0 0 0 0 0
0 0 0 0 1 1 1 18 0 61 0 40 160 200 0 0 0 0 0 0 0 0 0 7 0 0 0 0
0 0 0 0 1 1 1 13 0 55 0 40 41 200 0 0 0 0 0 0 0 0 0 7 0 0 0 0
0 0 0 0 0 1 1 5 0 26 0 0 40 40 0 0 0 0 0 0 0 0 0 4 0 0 0 0
0 0 0 0 0 1 1 11 0 43 0 0 48 198 0 0 0 0 0 0 0 1 0 8 0 0 0 0
0 0 0 0 1 1 1 13 0 44 0 40 85 198 0 0 0 0 0 0 0 0 0 7 0 0 0 0
0 0 0 0 1 1 1 11 0 36 0 40 78 154 0 0 0 0 0 0 0 0 0 0 0 0 0 0
0 0 0 0 0 1 1 8 0 34 0 0 78 154 0 0 0 0 0 0 0 0 0 0 0 0 0 0
0 0 0 0 1 1 2 18 0 85 0 40 80 200 0 0 0 0 0 0 0 0 0 7 0 0 0 0
0 0 1 1 2 4 6 217 0 1069 40 157 498 3895 0 0 2 0 1 4 9 559 0 2457 0 54 4131 10061
0 0 1 0 2 5 6 216 0 1068 0 164 495 3895 0 0 2 0 1 6 9 616 0 2502 0 76 4248 10061
0 0 0 0 1 1 1 21 0 72 0 40 161 200 0 0 0 0 0 0 0 58 0 534 0 0 0 32
0 0 0 0 1 1 1 11 0 37 0 40 40 197 0 0 0 0 0 0 0 0 0 4 0 0 0 0
0 0 0 0 0 1 1 7 0 32 0 0 40 147 0 0 0 0 0 0 0 0 0 0 0 0 0 0
0 0 0 0 0 0 1 4 0 26 0 0 0 64 0 0 0 0 0 0 0 0 0 0 0 0 0 0
0 0 0 0 0 1 1 7 0 29 0 4 40 88 0 0 0 0 0 0 0 0 0 7 0 0 0 0
0 0 0 0 0 1 1 9 0 37 0 4 41 169 0 0 0 0 0 0 0 0 0 7 0 0 0 0
0 0 1 0 0 1 1 43 0 343 0 0 122 224 0 0 1 0 0 0 0 35 0 342 0 0 0 0
0 0 1 0 1 1 1 60 0 349 0 95 198 540 0 0 1 0 0 0 1 45 0 348 0 0 0 540
0 0 0 0 1 1 1 24 0 82 0 41 198 224 0 0 0 0 0 0 0 9 0 69 0 0 0 32
0 0 1 0 0 1 3 213 0 1585 0 0 40 412 0 0 0 0 0 0 0 37 0 368 0 0 0 56
0 0 1 0 1 1 3 220 0 1585 0 40 160 397 0 0 0 0 0 0 0 37 0 368 0 0 0 56
0 0 0 0 1 1 1 14 0 41 0 40 97 185 0 0 0 0 0 0 0 0 0 7 0 0 0 0
0 0 0 0 0 1 1 6 0 28 0 0 40 73 0 0 0 0 0 0 0 0 0 7 0 0 0 0
0 0 0 0 0 1 1 9 0 40 0 0 40 198 0 0 0 0 0 0 0 0 0 0 0 0 0 0
0 0 0 0 1 1 1 12 0 40 0 40 41 198 0 0 0 0 0 0 0 0 0 0 0 0 0 0
